Generation 1
1 0 0 1 0 0 0 0 1 0 0 1 0 0 1 1 0 0 1 0 1 0 
1 0 0 1 1 1 1 1 1 0 1 1 1 1 1 1 1 0 0 0 1 0 
1 1 0 0 0 1 1 0 0 1 0 0 0 1 1 1 1 0 0 0 1 0 
1 0 1 1 0 0 0 0 1 0 0 1 0 0 1 1 0 0 1 1 0 1 
0 1 0 1 1 0 0 0 1 1 1 0 1 1 1 1 1 0 0 1 0 1 
0 1 0 1 1 0 0 0 1 1 1 0 1 1 1 0 1 0 1 0 1 1 
1 0 0 1 1 1 1 1 1 0 1 1 1 1 1 1 1 0 0 1 0 1 
1 0 0 1 1 1 0 0 1 0 0 1 0 0 1 1 0 0 1 1 0 1 
1 0 0 1 1 1 1 1 1 0 1 1 1 0 0 1 1 1 0 0 1 0 
1 0 0 1 0 0 1 1 1 0 1 1 1 1 1 0 1 0 1 0 1 1 
<<<<<<<<<<<<<<<<<<<<<<<<<<<<<<<<<<<<<<<<<<<<<<<
Generation 2
1 0 0 1 0 0 0 0 1 0 0 1 0 0 1 1 0 0 0 1 0 1 
1 1 0 1 1 1 1 1 1 0 1 1 1 1 1 1 1 0 0 1 0 1 
1 0 1 1 1 1 1 1 1 0 1 1 1 1 1 0 1 0 0 1 0 1 
1 0 1 1 0 0 0 0 1 0 0 1 0 0 1 1 1 0 0 1 0 1 
1 0 0 1 1 1 1 1 1 0 1 0 1 1 1 1 1 0 1 1 0 1 
1 0 0 1 1 1 1 1 0 1 1 1 1 1 1 1 1 0 0 1 0 1 
0 0 0 1 1 1 1 1 1 0 1 1 1 1 1 1 0 0 1 1 0 1 
1 0 0 1 1 1 0 0 1 0 0 1 0 0 1 1 0 0 0 0 1 0 
1 0 0 1 1 1 1 1 1 0 1 1 1 1 1 1 1 0 0 0 1 0 
1 0 0 0 1 1 1 1 1 0 1 1 1 1 0 1 1 1 1 1 0 1 
<<<<<<<<<<<<<<<<<<<<<<<<<<<<<<<<<<<<<<<<<<<<<<<
Generation 3
1 0 1 1 0 0 0 0 1 0 0 1 0 0 1 1 0 0 0 1 0 1 
1 0 1 1 0 0 0 0 1 0 1 1 1 1 1 1 1 0 0 0 1 0 
1 0 0 1 0 0 0 0 1 0 0 1 0 0 1 1 1 1 0 1 0 1 
1 0 1 1 0 0 0 0 1 0 0 1 0 0 1 0 1 0 0 1 0 1 
1 0 1 1 1 1 1 1 1 0 1 1 1 1 1 1 1 0 0 0 1 0 
1 0 0 0 1 1 1 1 0 1 1 1 1 1 1 1 1 0 0 1 0 1 
1 1 0 1 1 1 1 1 1 0 0 1 0 0 1 1 1 0 0 1 0 1 
0 0 1 1 0 0 0 0 1 0 1 0 1 1 1 1 1 0 1 0 1 0 
1 0 0 1 1 1 1 1 1 0 0 1 0 0 1 1 1 0 0 1 0 1 
1 0 1 1 0 0 0 0 1 0 0 1 0 0 0 1 1 0 0 1 0 1 
<<<<<<<<<<<<<<<<<<<<<<<<<<<<<<<<<<<<<<<<<<<<<<<
Generation 4
1 0 0 1 1 1 1 1 1 0 0 1 0 0 1 1 1 0 0 1 0 1 
1 0 0 1 0 0 0 0 1 0 0 1 0 0 1 1 0 0 0 1 0 1 
1 0 0 1 1 1 1 1 1 0 0 1 0 0 1 1 1 0 1 0 1 0 
1 0 0 0 1 1 1 1 0 1 1 1 1 1 1 1 1 0 0 1 0 1 
1 0 0 1 1 1 1 1 1 0 0 1 0 0 1 0 1 0 0 1 1 0 
0 0 1 1 0 0 0 0 1 0 1 0 1 1 0 1 1 0 1 1 0 1 
0 1 1 1 0 0 0 0 1 0 1 0 1 1 1 1 1 0 0 1 0 1 
1 0 0 1 1 1 1 1 1 0 0 1 0 0 1 1 1 0 0 1 0 1 
1 0 0 1 1 1 1 1 1 0 0 1 0 0 1 1 1 0 0 0 0 1 
1 0 0 1 1 1 1 1 1 0 0 1 0 0 1 1 1 1 0 1 0 1 
<<<<<<<<<<<<<<<<<<<<<<<<<<<<<<<<<<<<<<<<<<<<<<<
Generation 5
1 0 0 1 1 1 1 1 1 0 1 0 1 1 1 1 1 0 0 1 0 1 
0 1 1 1 0 0 1 1 1 0 0 1 0 0 1 0 1 0 0 0 0 1 
1 0 0 1 1 1 1 1 1 0 0 1 0 0 1 1 1 0 0 0 0 1 
0 1 1 1 0 0 0 0 1 0 1 0 1 1 1 1 1 0 0 0 0 1 
1 0 0 0 0 0 0 0 1 0 1 0 1 1 0 1 1 0 0 1 0 1 
1 0 0 1 1 1 0 0 1 1 0 1 0 0 1 1 1 0 0 0 0 1 
1 0 0 1 1 1 1 1 0 0 0 1 0 0 1 1 1 0 0 0 0 1 
0 1 1 1 1 1 1 1 1 0 0 1 0 0 1 1 1 0 0 1 0 1 
1 0 0 1 1 1 1 1 1 0 0 1 0 0 1 1 0 1 0 1 0 1 
1 0 0 1 1 1 1 1 1 0 0 1 0 0 1 1 1 0 1 0 1 0 
<<<<<<<<<<<<<<<<<<<<<<<<<<<<<<<<<<<<<<<<<<<<<<<
Generation 6
1 0 0 1 0 1 1 1 1 0 0 1 0 0 1 1 1 0 0 1 0 1 
1 0 0 1 1 1 1 1 0 0 0 1 0 0 1 1 1 0 0 0 1 0 
1 0 0 1 1 1 1 1 1 1 0 1 0 0 0 1 0 0 0 0 0 1 
1 1 1 0 1 1 1 1 1 0 1 0 1 1 1 1 1 0 0 1 0 1 
1 0 0 1 1 1 0 0 1 0 0 1 0 0 1 1 1 0 1 0 0 1 
0 0 0 1 1 0 0 0 1 1 0 1 0 0 1 1 1 0 0 1 0 1 
1 0 0 1 1 1 1 1 1 0 1 0 1 1 1 0 1 1 0 1 0 1 
1 0 0 1 1 1 1 1 1 0 0 1 0 0 1 1 1 0 0 0 0 1 
1 0 0 1 1 1 1 1 1 0 0 1 0 0 1 1 1 0 1 0 1 0 
1 0 0 1 1 1 1 1 1 0 1 0 1 1 1 1 1 0 1 0 1 0 
<<<<<<<<<<<<<<<<<<<<<<<<<<<<<<<<<<<<<<<<<<<<<<<
Generation 7
1 0 0 1 1 1 0 0 1 0 0 1 0 0 1 1 1 1 1 0 0 1 
1 0 0 1 1 1 0 0 1 0 0 1 0 0 0 1 1 0 1 1 0 1 
1 0 0 1 1 1 1 1 1 0 0 1 0 0 1 1 1 0 1 0 0 1 
1 0 0 1 1 0 0 0 1 0 0 1 0 0 1 1 1 0 1 0 1 0 
1 0 0 1 1 1 0 0 1 0 0 0 0 0 1 1 1 0 1 0 0 1 
0 1 0 1 1 1 0 0 1 0 0 1 1 0 1 1 1 0 1 0 0 1 
1 0 1 1 1 1 0 0 0 0 0 1 0 0 1 1 1 0 1 0 0 1 
1 0 0 1 1 1 0 0 1 0 0 1 0 0 1 1 1 0 1 0 0 1 
1 0 0 0 0 1 0 0 1 0 1 1 0 0 1 1 0 0 1 0 0 1 
1 0 0 1 1 1 0 0 1 1 0 1 0 1 1 0 1 0 0 0 0 1 
<<<<<<<<<<<<<<<<<<<<<<<<<<<<<<<<<<<<<<<<<<<<<<<
Generation 8
1 0 0 1 1 1 0 0 1 1 1 1 1 1 1 0 1 0 0 0 1 1 
1 0 0 1 0 1 0 1 1 0 0 0 0 0 1 1 1 0 1 0 0 1 
1 0 0 1 1 1 0 0 1 1 0 1 0 1 1 0 1 0 0 0 0 1 
1 0 1 1 1 1 0 0 0 0 0 1 0 0 1 1 1 0 1 0 0 1 
1 0 0 1 1 1 1 0 1 0 0 1 0 1 1 0 1 0 0 0 0 1 
1 0 0 1 1 1 0 0 1 1 0 1 0 1 1 1 1 0 1 0 0 0 
1 1 0 1 1 1 0 0 1 1 0 1 0 1 1 0 0 1 0 0 0 1 
1 0 0 0 1 0 0 0 1 1 0 1 0 1 0 0 1 0 0 1 0 1 
0 0 0 1 1 1 0 0 1 1 0 1 0 0 1 0 1 0 0 0 0 1 
1 0 0 1 1 1 0 0 1 0 0 1 0 0 1 1 1 0 1 0 0 1 
<<<<<<<<<<<<<<<<<<<<<<<<<<<<<<<<<<<<<<<<<<<<<<<
Generation 9
1 0 0 1 0 1 0 0 1 1 0 1 0 0 1 1 1 0 1 0 0 1 
1 0 1 0 1 1 0 0 0 0 0 1 0 0 1 1 1 0 1 0 0 1 
1 0 1 1 1 1 1 0 1 0 0 0 0 1 1 0 1 0 0 1 0 1 
1 0 0 1 1 1 1 0 1 0 0 1 0 1 1 0 1 0 0 0 0 1 
1 0 0 1 1 1 0 1 1 1 0 1 0 1 1 1 1 0 1 0 0 0 
1 0 0 1 1 1 0 0 0 0 1 1 0 1 1 1 1 0 1 0 0 0 
1 1 0 1 1 1 0 0 1 1 0 1 0 1 1 0 0 1 0 0 1 1 
0 0 0 1 1 0 0 0 1 1 0 1 0 0 1 0 1 0 0 0 0 1 
1 0 0 1 1 1 0 0 1 1 0 1 0 1 1 1 1 0 1 0 0 0 
1 0 0 1 1 1 0 0 1 1 0 1 1 1 0 0 1 0 0 0 0 1 
<<<<<<<<<<<<<<<<<<<<<<<<<<<<<<<<<<<<<<<<<<<<<<<
Generation 10
1 0 0 1 1 1 1 0 1 1 0 1 1 1 0 0 1 0 0 0 0 1 
1 0 0 0 1 1 0 0 1 1 0 1 1 1 0 0 1 0 0 0 0 1 
1 0 0 1 1 1 0 0 1 1 0 1 1 1 0 1 1 1 0 0 1 1 
0 0 1 1 1 0 0 1 1 1 0 1 0 0 1 0 1 0 0 0 0 0 
1 0 0 1 1 1 0 0 0 1 0 1 0 1 1 0 1 0 0 0 0 1 
1 1 0 1 1 1 0 0 1 1 1 1 0 1 1 0 0 0 1 0 0 0 
1 0 0 1 1 1 0 0 1 1 0 1 0 1 1 1 1 0 0 0 0 1 
1 0 0 1 1 1 0 0 1 1 0 1 0 1 1 1 1 0 1 1 0 0 
1 0 0 1 0 1 0 0 1 0 0 0 1 1 0 0 1 0 1 0 0 0 
1 0 0 1 1 1 0 0 1 1 0 1 0 1 1 1 1 0 1 0 0 1 
<<<<<<<<<<<<<<<<<<<<<<<<<<<<<<<<<<<<<<<<<<<<<<<
Generation 11
1 0 1 1 1 0 0 0 1 0 0 0 1 1 0 0 1 0 1 0 0 0 
1 0 0 1 1 1 0 0 1 1 0 1 0 1 1 1 1 1 1 1 1 0 
0 0 0 1 1 1 0 0 0 1 0 1 0 1 1 1 1 0 0 0 0 1 
1 0 0 1 1 1 0 0 1 1 0 1 0 1 1 1 1 0 1 1 0 0 
1 0 0 1 1 1 0 1 1 1 0 1 0 1 1 1 0 0 0 0 0 1 
1 0 0 1 1 1 0 0 1 1 1 1 0 1 1 1 1 0 0 0 0 1 
1 0 0 1 1 1 0 0 1 1 0 1 0 0 1 1 1 0 0 0 0 1 
1 0 0 1 1 1 0 0 1 1 0 1 0 1 1 1 1 0 0 0 0 1 
1 0 0 0 1 1 1 0 1 1 0 1 0 1 1 1 1 0 1 1 0 0 
1 1 0 1 0 1 0 0 1 1 0 1 0 1 1 1 1 0 0 0 0 1 
<<<<<<<<<<<<<<<<<<<<<<<<<<<<<<<<<<<<<<<<<<<<<<<
Generation 12
1 1 0 1 0 1 0 1 1 1 0 1 0 1 1 1 1 1 1 1 0 0 
0 0 0 1 1 1 0 0 1 1 0 1 1 1 1 1 1 0 1 1 1 0 
1 0 0 1 1 0 0 0 1 1 0 1 0 1 1 1 1 0 1 1 0 0 
1 0 0 1 1 1 0 0 1 0 0 1 0 1 1 1 1 0 1 1 0 0 
1 0 0 1 1 1 0 0 1 1 1 1 0 1 1 1 1 0 1 1 0 0 
1 0 1 1 1 1 0 0 1 1 0 1 0 0 0 1 1 0 1 1 0 0 
1 0 0 1 1 1 0 0 1 1 0 0 0 1 1 1 1 0 0 0 0 1 
1 0 0 1 1 1 0 0 1 1 0 1 0 1 1 1 1 0 1 1 0 0 
1 0 0 0 1 1 1 0 0 1 0 1 0 1 1 0 1 0 1 1 0 0 
1 0 0 0 1 1 1 0 1 1 0 1 0 1 1 1 0 0 0 0 0 1 
<<<<<<<<<<<<<<<<<<<<<<<<<<<<<<<<<<<<<<<<<<<<<<<
Generation 13
1 0 0 0 1 1 1 0 0 1 0 0 1 1 0 0 0 0 1 1 0 0 
1 0 1 0 1 1 1 0 0 1 0 1 0 1 1 0 1 0 1 1 0 0 
0 1 0 1 1 1 0 0 1 1 0 1 0 1 1 1 1 0 1 1 0 0 
1 0 0 1 1 1 0 0 1 1 0 1 0 1 1 1 1 0 1 1 0 0 
1 0 0 1 1 1 0 0 1 1 1 1 0 1 1 1 1 0 1 1 0 0 
1 0 0 1 1 1 0 0 1 1 0 1 0 1 1 1 1 0 1 1 0 1 
1 0 0 0 1 0 1 1 0 0 0 1 0 1 1 1 1 0 1 1 0 0 
1 0 0 1 1 1 0 0 1 1 0 1 0 1 1 1 1 0 1 1 0 0 
1 0 0 1 0 1 0 0 1 1 0 1 0 0 1 0 1 1 0 1 0 0 
1 0 0 0 1 1 1 0 0 1 0 1 0 1 1 0 1 0 1 0 1 0 
<<<<<<<<<<<<<<<<<<<<<<<<<<<<<<<<<<<<<<<<<<<<<<<
Generation 14
1 0 0 1 1 1 0 0 1 1 0 1 0 1 1 1 1 0 1 1 0 1 
1 0 0 0 1 1 0 0 1 1 0 1 0 1 1 1 1 1 1 1 0 0 
1 0 0 1 1 1 0 0 1 1 0 1 0 0 1 1 1 0 1 1 0 0 
1 0 0 1 1 1 1 0 0 1 1 0 0 1 1 0 1 0 1 0 1 0 
0 0 0 1 1 1 0 0 1 1 0 1 0 1 1 1 1 0 1 1 0 0 
1 0 0 0 0 0 1 1 0 0 0 1 1 1 1 1 1 0 1 1 0 0 
1 0 0 1 1 1 0 0 1 1 0 1 0 1 0 1 0 0 0 1 0 0 
1 1 0 1 1 1 0 0 1 1 0 1 0 1 1 1 1 0 1 1 0 0 
1 0 1 1 1 1 0 0 1 1 0 1 0 1 1 1 1 0 1 1 0 0 
1 0 0 1 1 1 0 0 1 1 0 1 0 1 1 1 1 0 1 1 0 0 
<<<<<<<<<<<<<<<<<<<<<<<<<<<<<<<<<<<<<<<<<<<<<<<
Generation 15
1 0 0 1 1 1 0 0 1 0 0 1 0 1 1 1 1 0 1 1 0 1 
0 0 0 0 1 1 0 0 1 1 0 1 0 1 0 1 1 0 1 1 1 1 
1 0 1 1 1 1 0 0 0 1 0 1 1 1 1 1 1 0 1 1 0 0 
1 0 0 1 1 1 0 0 1 1 0 1 0 1 1 1 1 0 1 1 0 1 
1 0 0 1 1 1 0 0 1 1 0 1 0 1 1 1 1 0 1 1 0 1 
1 0 0 1 0 0 0 0 1 1 0 1 0 1 1 1 0 0 1 1 0 0 
1 1 0 1 1 1 1 0 1 1 1 1 0 1 1 0 1 0 1 1 0 1 
1 0 0 1 1 1 0 1 1 1 0 0 0 0 1 1 1 0 0 1 0 1 
1 0 0 0 1 1 0 0 1 1 0 1 0 1 1 1 1 1 1 1 0 1 
1 0 0 1 1 1 0 0 1 1 0 1 0 1 1 1 1 1 1 0 0 0 
<<<<<<<<<<<<<<<<<<<<<<<<<<<<<<<<<<<<<<<<<<<<<<<
Generation 16
1 0 0 1 1 1 1 0 1 1 1 1 0 1 1 0 1 1 1 1 0 1 
0 0 0 0 1 1 0 0 1 1 0 1 0 1 1 1 0 0 1 1 0 0 
1 0 0 1 1 1 0 0 1 1 1 1 0 1 1 1 0 0 1 1 0 0 
1 0 0 1 0 0 0 0 1 1 0 1 0 1 1 0 1 0 1 1 0 1 
1 0 0 1 0 0 0 0 1 0 1 1 0 1 1 1 0 0 1 1 0 0 
1 1 1 1 0 0 0 0 1 1 0 0 0 0 1 1 1 0 0 1 0 1 
1 0 0 1 1 1 0 1 1 1 0 1 0 1 1 0 1 0 1 0 0 1 
0 0 0 0 1 1 0 0 1 1 0 1 1 1 1 1 1 0 1 1 0 1 
1 1 0 1 1 1 1 0 1 1 0 1 0 1 0 1 1 0 1 1 1 1 
1 1 0 1 1 1 1 0 0 1 0 1 0 1 0 1 1 0 1 1 1 1 
<<<<<<<<<<<<<<<<<<<<<<<<<<<<<<<<<<<<<<<<<<<<<<<
Generation 17
1 0 0 1 0 0 0 0 1 1 0 1 0 1 1 0 1 0 1 1 0 1 
1 0 0 1 1 1 0 0 1 1 0 1 0 1 0 1 1 0 1 1 1 1 
1 1 0 1 1 1 1 0 0 1 0 1 0 1 1 1 1 0 0 1 0 1 
1 0 0 1 0 0 0 1 1 1 0 1 0 1 1 0 1 0 1 1 0 0 
1 1 1 1 0 1 0 0 1 0 0 1 1 1 1 1 1 0 1 1 0 1 
1 1 0 1 1 1 1 0 0 1 0 1 0 1 0 0 1 0 1 1 0 1 
0 0 0 0 1 0 0 0 1 1 0 1 1 1 1 1 1 0 1 1 0 1 
0 0 0 0 1 1 0 0 1 1 0 1 0 1 1 0 1 1 1 0 0 1 
1 0 0 1 0 0 0 0 1 1 0 1 0 1 1 0 1 0 1 1 0 1 
1 0 0 1 0 0 0 0 1 1 1 0 0 0 1 1 0 0 1 1 1 1 
<<<<<<<<<<<<<<<<<<<<<<<<<<<<<<<<<<<<<<<<<<<<<<<
Generation 18
1 0 0 1 0 0 0 1 1 1 1 0 0 1 1 1 1 0 0 1 0 1 
1 1 0 1 1 1 1 0 1 1 0 1 0 1 1 0 0 0 1 1 0 1 
1 1 0 1 1 1 0 0 1 1 0 1 0 1 1 0 1 1 1 0 0 1 
1 0 0 1 0 0 0 0 1 1 0 1 0 1 1 0 1 0 1 1 1 1 
1 0 0 1 0 0 0 0 0 1 0 1 0 0 1 0 1 0 1 1 0 1 
0 0 0 0 0 0 0 0 1 0 0 1 1 1 1 1 1 0 1 1 0 0 
1 0 1 1 0 1 0 0 1 1 0 1 0 1 1 0 1 0 1 1 0 1 
1 0 0 1 0 0 0 0 1 1 0 1 0 1 1 1 1 0 0 1 0 1 
1 1 0 1 1 1 1 0 0 1 0 1 0 1 1 1 1 0 0 1 0 1 
1 1 0 1 1 1 1 0 0 1 0 1 0 1 0 0 1 0 1 1 0 1 
<<<<<<<<<<<<<<<<<<<<<<<<<<<<<<<<<<<<<<<<<<<<<<<
Generation 19
1 0 0 1 0 0 0 1 1 1 0 1 0 1 1 1 1 0 0 0 0 1 
0 0 0 1 0 0 0 0 0 1 0 1 0 1 0 0 1 1 1 1 1 1 
1 0 0 0 1 1 1 0 0 1 0 1 0 1 0 0 1 0 1 1 0 1 
1 0 0 1 0 0 0 0 0 1 0 1 1 0 1 0 1 0 1 1 0 1 
1 1 0 1 1 1 1 0 0 1 0 1 0 0 1 0 1 0 0 1 0 0 
1 0 1 1 0 0 0 0 1 1 0 1 0 1 1 1 1 0 1 1 0 1 
1 0 0 1 0 0 0 1 1 1 1 0 0 1 1 1 0 0 0 1 0 1 
1 1 0 1 0 0 0 0 1 0 1 0 0 1 1 1 1 0 0 1 0 1 
1 0 0 1 0 0 0 0 1 1 0 1 0 1 1 0 1 0 1 1 0 1 
1 1 0 1 1 1 1 0 0 1 0 1 0 1 0 0 1 0 1 1 0 1 
<<<<<<<<<<<<<<<<<<<<<<<<<<<<<<<<<<<<<<<<<<<<<<<
Generation 20
0 0 1 1 0 0 0 1 1 1 0 1 0 1 1 1 1 1 1 1 0 1 
1 0 1 1 0 1 1 0 1 1 0 1 0 1 1 0 1 0 1 1 0 0 
1 0 0 1 0 0 0 0 0 1 0 1 0 1 1 1 1 0 1 1 0 1 
1 1 0 0 0 0 0 0 1 1 1 1 0 1 0 1 1 0 1 1 0 1 
1 0 0 1 0 0 0 0 1 1 0 1 0 1 1 0 1 0 1 1 0 1 
1 0 1 1 0 0 0 0 1 1 0 0 0 1 1 1 1 0 1 1 1 1 
1 0 1 1 1 0 0 0 1 0 0 1 0 1 1 1 1 0 1 1 0 1 
1 0 1 1 0 0 0 0 1 1 0 1 1 1 1 1 1 0 1 1 0 1 
1 0 1 1 0 0 0 0 1 1 0 1 0 0 1 0 1 0 1 0 0 1 
1 0 1 1 0 0 0 0 1 1 0 1 0 1 1 1 0 0 0 1 0 1 
<<<<<<<<<<<<<<<<<<<<<<<<<<<<<<<<<<<<<<<<<<<<<<<
Generation 21
1 1 0 0 0 0 0 0 1 1 1 1 0 1 0 1 1 0 1 1 0 1 
1 0 1 1 0 1 0 0 1 1 1 1 0 1 0 1 1 0 1 1 0 1 
1 0 1 1 0 0 0 1 0 1 0 1 0 0 1 0 1 0 1 0 0 1 
1 1 0 0 0 0 0 0 1 1 1 1 0 0 1 0 0 0 1 0 0 0 
1 0 1 1 1 0 0 0 1 1 0 1 0 0 1 0 1 0 1 0 0 1 
0 0 1 1 0 0 0 0 1 1 0 0 0 1 1 1 1 1 1 0 0 1 
1 0 1 1 0 0 0 0 1 1 0 1 0 0 1 0 1 0 1 1 0 1 
1 0 1 1 0 0 1 0 1 1 0 1 0 0 1 0 1 0 0 0 0 1 
1 0 1 1 0 0 0 0 1 0 0 1 1 1 0 1 1 0 1 1 1 1 
1 1 0 0 0 0 0 0 1 1 0 1 0 0 1 0 1 0 1 0 0 1 
<<<<<<<<<<<<<<<<<<<<<<<<<<<<<<<<<<<<<<<<<<<<<<<
Generation 22
1 0 1 1 0 0 0 0 1 1 1 0 0 1 1 1 1 0 1 1 1 1 
0 1 1 1 0 0 0 0 1 1 0 1 0 0 1 0 1 0 1 1 0 1 
1 0 1 1 0 0 0 0 1 1 0 1 0 0 1 0 1 0 1 1 0 1 
1 0 1 1 0 0 0 0 1 0 0 1 1 1 0 1 1 1 1 0 0 1 
0 0 1 0 0 0 0 0 1 0 0 1 1 1 0 1 1 0 1 1 1 1 
1 0 1 1 0 0 1 0 1 0 0 0 0 1 1 1 1 1 0 0 0 1 
1 0 0 1 1 0 0 0 0 1 0 1 1 1 0 1 1 0 1 1 0 1 
1 0 1 1 0 0 0 0 1 1 0 1 0 0 1 0 1 0 1 1 1 0 
1 0 1 1 0 1 0 0 1 0 0 1 1 1 0 1 0 0 1 1 1 1 
1 0 1 1 0 0 0 1 1 1 0 1 0 0 1 0 1 0 1 1 0 1 
<<<<<<<<<<<<<<<<<<<<<<<<<<<<<<<<<<<<<<<<<<<<<<<
Generation 23
1 1 1 0 0 0 0 0 1 0 0 1 1 1 0 1 1 1 1 0 0 1 
0 0 1 1 0 0 0 1 1 1 0 1 0 0 1 0 1 0 1 0 0 1 
1 0 0 1 1 0 0 0 0 0 0 1 1 1 0 1 1 1 0 0 0 1 
1 0 1 1 0 0 0 0 1 0 0 0 1 1 0 1 1 0 1 0 0 1 
1 0 1 1 0 0 0 0 1 1 0 1 1 1 0 1 1 1 1 1 1 0 
1 0 1 1 0 1 0 0 1 0 0 1 1 1 0 0 1 0 1 1 0 1 
1 0 1 1 0 0 0 0 1 0 0 1 1 1 0 1 0 1 1 0 0 1 
1 0 1 1 0 0 0 0 1 0 0 1 1 1 0 1 1 1 1 0 0 1 
1 0 1 1 0 0 0 0 1 0 0 1 1 1 0 1 1 1 1 0 0 1 
1 0 1 1 0 0 1 0 1 0 1 1 1 1 0 1 1 1 1 0 0 1 
<<<<<<<<<<<<<<<<<<<<<<<<<<<<<<<<<<<<<<<<<<<<<<<
Generation 24
1 1 1 0 0 0 0 0 1 1 0 1 1 1 0 1 1 1 1 1 1 0 
1 1 1 0 0 0 0 0 0 1 0 1 1 1 0 0 1 0 1 1 1 0 
1 0 0 1 0 0 0 1 1 1 0 1 1 1 0 1 1 1 1 0 0 1 
1 0 1 0 0 0 0 0 1 0 0 1 1 1 1 1 1 1 1 1 1 0 
1 1 1 0 0 0 1 0 1 1 1 1 0 1 0 1 1 1 1 0 0 1 
1 0 1 1 0 0 0 0 1 0 0 1 1 1 0 1 0 1 1 0 0 1 
1 0 1 1 1 0 0 0 1 0 0 1 1 1 0 1 1 1 1 1 1 0 
0 1 1 1 0 1 0 0 1 0 0 1 1 1 0 1 1 1 1 0 0 1 
1 1 1 0 0 0 0 0 1 0 0 1 1 1 0 1 1 1 0 0 0 1 
1 0 1 1 0 0 0 0 1 0 0 0 1 0 0 1 1 1 1 0 0 1 
<<<<<<<<<<<<<<<<<<<<<<<<<<<<<<<<<<<<<<<<<<<<<<<
Generation 25
1 0 0 1 0 0 0 1 1 1 0 0 1 1 0 1 1 1 1 0 0 1 
1 0 1 0 0 0 0 0 1 0 0 1 0 1 0 1 1 1 1 0 0 1 
1 0 1 1 1 0 0 0 1 0 0 1 1 1 0 1 1 1 1 1 1 0 
1 0 0 1 0 1 0 1 1 0 0 1 1 1 0 1 1 1 1 1 1 0 
1 0 1 0 0 0 0 0 1 0 0 1 1 1 0 1 1 1 0 0 0 1 
0 0 0 1 0 0 0 1 1 1 0 1 1 1 1 1 1 0 1 1 1 0 
1 1 1 0 0 0 0 0 1 0 0 1 1 0 1 0 1 1 1 1 1 0 
1 0 1 0 0 0 0 0 1 0 0 1 1 1 1 1 0 1 1 1 1 0 
1 0 1 1 1 0 0 0 1 1 0 1 1 1 0 1 1 1 1 0 0 1 
1 0 0 1 0 0 1 1 0 1 1 1 1 1 0 1 1 1 1 0 0 1 
<<<<<<<<<<<<<<<<<<<<<<<<<<<<<<<<<<<<<<<<<<<<<<<
Generation 26
1 0 1 1 0 0 0 0 1 0 0 1 0 1 0 1 1 1 1 0 0 0 
0 1 1 0 0 0 0 0 1 0 0 0 1 0 1 0 1 1 1 1 1 1 
1 0 0 0 0 0 0 0 1 0 1 1 0 1 0 1 1 1 0 0 0 1 
1 1 1 0 0 1 0 1 0 0 0 1 1 0 0 1 1 1 1 1 1 0 
1 1 1 0 0 0 0 0 1 0 0 1 1 0 1 0 1 1 1 1 1 0 
1 0 1 0 0 0 0 0 1 0 0 1 1 0 1 0 1 1 1 1 1 0 
1 0 1 0 1 0 1 0 1 0 0 1 0 1 0 1 1 1 1 0 0 1 
1 0 1 0 0 0 0 0 1 0 0 1 0 1 0 1 1 1 1 0 0 1 
1 1 1 0 0 0 0 0 1 1 0 1 0 1 1 0 1 0 1 0 0 1 
1 0 1 0 0 0 0 0 1 0 0 1 0 1 0 1 0 1 1 0 0 1 
<<<<<<<<<<<<<<<<<<<<<<<<<<<<<<<<<<<<<<<<<<<<<<<
Generation 27
1 1 1 0 0 0 0 0 1 0 1 0 0 1 0 1 1 1 0 0 0 1 
1 1 1 0 0 0 0 0 1 0 0 1 1 0 1 0 1 1 1 1 0 1 
1 0 0 0 0 0 0 0 1 1 0 1 1 0 1 0 1 0 1 0 1 0 
1 0 1 0 1 0 1 0 1 0 0 1 0 1 0 1 0 1 1 0 0 1 
1 0 1 0 0 1 0 1 1 0 0 1 0 1 1 0 1 0 1 0 0 1 
0 1 1 0 0 0 0 0 0 0 0 1 0 1 0 1 1 1 1 0 0 1 
1 0 1 0 0 0 0 0 1 0 0 1 0 1 0 1 1 1 1 0 0 1 
1 0 1 0 0 0 0 0 1 0 0 1 0 1 0 1 1 1 1 0 0 1 
1 1 1 1 0 0 0 0 1 1 0 1 0 1 1 0 1 0 1 0 0 0 
1 1 1 0 0 0 0 0 1 1 0 1 0 1 1 0 1 1 1 1 1 1 
<<<<<<<<<<<<<<<<<<<<<<<<<<<<<<<<<<<<<<<<<<<<<<<
Generation 28
1 1 1 0 0 0 0 0 0 0 0 1 0 1 0 1 1 1 1 0 0 1 
0 0 1 0 0 0 0 0 1 0 0 1 0 1 0 1 1 1 1 0 0 1 
1 0 1 0 0 0 0 0 1 0 0 0 0 1 0 1 1 1 0 0 0 1 
1 0 1 0 1 0 1 0 1 0 0 1 0 1 0 1 0 1 1 0 0 1 
1 0 1 0 0 0 0 0 1 0 0 1 0 1 0 1 1 1 1 0 0 1 
1 1 1 0 0 0 1 0 1 0 1 1 0 1 0 1 0 1 1 0 0 1 
1 0 1 0 0 0 0 0 1 0 0 1 1 0 1 0 1 1 1 1 0 1 
1 0 1 0 0 0 0 0 1 0 0 1 0 1 1 0 1 1 1 1 1 1 
1 0 0 1 0 1 0 1 1 0 0 1 0 1 1 0 1 0 1 0 0 0 
1 0 1 0 1 0 0 0 1 1 0 1 0 1 0 1 1 1 1 0 0 1 
<<<<<<<<<<<<<<<<<<<<<<<<<<<<<<<<<<<<<<<<<<<<<<<
Generation 29
1 0 1 0 0 0 0 0 1 0 0 1 1 0 1 0 1 1 1 1 0 1 
1 0 0 1 0 1 1 1 1 0 0 1 0 1 1 0 1 0 1 0 0 1 
1 0 1 0 0 0 0 0 1 0 0 0 0 1 0 1 1 1 0 0 0 0 
1 0 1 0 0 0 0 0 1 0 0 1 1 0 1 0 1 1 1 1 0 1 
1 0 1 0 0 0 0 0 0 0 1 1 1 0 1 0 0 1 1 1 0 1 
1 1 1 0 0 0 0 0 1 0 0 1 1 0 1 0 1 1 1 1 0 1 
0 0 1 0 0 0 0 0 1 0 0 1 1 0 1 0 1 1 1 1 0 1 
1 0 1 0 0 0 0 0 1 0 0 1 1 0 1 0 1 1 1 1 1 1 
1 0 1 0 0 0 0 0 1 0 0 1 1 0 1 0 1 1 1 1 0 1 
1 0 1 0 1 0 0 0 1 1 0 1 0 1 0 1 1 1 1 0 0 1 
<<<<<<<<<<<<<<<<<<<<<<<<<<<<<<<<<<<<<<<<<<<<<<<
Generation 30
1 0 0 0 0 0 0 0 1 0 0 1 1 0 1 0 1 1 0 0 0 0 
1 0 1 0 1 0 0 0 1 0 0 0 0 1 0 1 1 1 1 1 0 1 
0 0 1 0 0 0 0 0 1 0 0 1 1 0 1 0 1 1 1 1 1 1 
1 1 1 1 0 0 0 0 1 0 0 1 1 0 1 0 1 0 1 1 0 1 
0 0 1 0 0 0 0 0 1 0 0 1 1 0 1 0 1 1 1 1 0 1 
1 0 1 0 0 0 0 0 1 0 0 0 0 1 0 1 1 1 0 0 0 0 
1 0 1 0 0 0 0 0 1 0 0 1 1 0 1 0 1 1 1 1 0 1 
1 0 1 0 0 1 0 0 1 0 1 1 1 0 1 0 1 1 1 1 0 1 
1 0 1 0 0 0 0 1 0 1 0 1 1 0 1 0 1 1 1 1 0 1 
0 0 1 0 0 0 1 0 1 0 0 1 1 0 1 0 0 1 1 1 0 1 
<<<<<<<<<<<<<<<<<<<<<<<<<<<<<<<<<<<<<<<<<<<<<<<
Generation 31
1 1 1 1 0 1 0 1 1 0 1 1 0 0 1 0 1 1 1 1 0 1 
1 1 1 1 0 0 0 0 1 0 0 1 1 1 0 1 1 0 1 1 0 1 
0 1 0 1 1 0 0 0 1 0 0 0 1 0 1 0 1 0 1 1 0 1 
1 1 1 1 0 0 0 0 1 0 0 1 1 0 1 0 1 0 1 1 0 1 
1 0 1 0 0 0 0 0 0 0 0 1 1 0 1 0 1 0 1 1 0 1 
1 0 1 0 0 0 1 0 1 0 0 1 1 0 1 0 1 0 1 1 0 1 
1 1 1 1 0 0 0 0 1 0 0 1 1 0 1 0 1 0 1 1 1 1 
1 1 1 1 0 0 0 0 1 1 0 1 1 0 1 0 1 0 1 0 0 1 
1 1 1 1 0 0 0 0 1 0 0 1 1 0 1 0 1 1 0 1 0 1 
1 1 1 1 0 0 0 0 1 0 0 1 1 0 1 0 0 0 1 1 0 0 
<<<<<<<<<<<<<<<<<<<<<<<<<<<<<<<<<<<<<<<<<<<<<<<
Generation 32
0 1 1 1 1 1 0 1 1 0 1 1 0 0 1 0 1 1 1 1 0 1 
1 0 1 0 0 0 0 0 1 0 0 1 1 0 1 0 1 1 0 1 0 1 
1 1 1 1 0 0 0 0 1 0 0 1 1 1 1 0 1 0 1 1 1 1 
1 1 1 1 0 0 0 0 1 0 0 1 1 0 1 0 0 0 1 1 0 0 
1 1 1 1 0 0 0 0 0 0 0 1 1 0 1 0 1 0 1 1 0 1 
1 1 0 1 0 0 0 0 1 0 0 1 1 0 1 1 1 0 1 1 1 1 
1 1 1 1 0 0 0 0 1 1 0 0 1 0 1 0 1 1 0 1 0 1 
1 1 1 1 0 0 1 0 1 0 0 1 1 0 1 0 0 0 1 0 0 0 
1 1 1 1 0 1 0 1 1 0 1 1 0 0 1 0 1 1 1 1 0 1 
1 1 1 1 0 0 0 0 1 0 0 1 1 0 0 0 1 0 1 1 1 1 
<<<<<<<<<<<<<<<<<<<<<<<<<<<<<<<<<<<<<<<<<<<<<<<
Generation 33
1 0 1 0 0 0 0 0 1 0 1 1 1 0 1 0 1 1 0 1 0 1 
1 0 1 1 1 0 0 0 1 0 0 1 1 0 1 1 1 0 1 1 1 1 
1 0 1 0 0 0 0 0 1 1 0 1 1 0 1 0 0 0 0 1 0 1 
1 1 1 1 0 0 0 0 1 0 0 1 1 0 1 1 1 0 1 1 1 1 
0 1 0 0 0 1 0 0 0 0 0 1 1 0 1 0 1 1 1 0 0 1 
1 1 1 1 0 0 1 0 1 0 0 0 1 0 1 0 0 0 1 0 0 0 
1 1 1 1 0 0 1 1 1 0 0 1 1 0 1 0 0 0 1 0 0 0 
1 1 0 1 0 0 1 0 1 0 0 1 1 0 0 0 0 0 1 0 0 0 
1 0 1 0 0 0 0 0 1 0 0 1 1 1 1 0 1 1 0 1 0 1 
1 1 1 1 0 0 1 0 1 0 0 1 0 0 1 0 1 1 0 1 0 0 
<<<<<<<<<<<<<<<<<<<<<<<<<<<<<<<<<<<<<<<<<<<<<<<
Generation 34
1 0 1 0 0 0 0 0 1 0 0 1 1 1 1 0 1 1 0 1 0 0 
0 0 0 0 0 0 1 0 1 1 0 1 0 0 1 0 1 0 1 1 1 1 
0 1 1 1 1 0 0 0 1 0 0 1 0 0 1 0 1 1 0 1 0 0 
1 1 1 1 0 0 1 1 0 0 0 1 1 0 1 0 0 1 1 0 0 1 
1 1 1 1 0 0 1 0 1 0 0 1 0 0 1 0 1 1 0 1 0 0 
0 1 0 0 0 1 0 0 1 0 0 1 0 0 1 0 1 1 0 1 0 0 
1 1 1 1 0 0 1 0 1 0 0 1 1 0 1 1 1 1 0 1 0 1 
1 1 1 1 0 0 1 0 1 0 0 1 0 0 0 0 1 1 0 1 0 0 
1 1 1 1 0 1 0 0 0 0 1 0 1 0 1 0 1 1 1 0 0 1 
1 1 1 1 0 0 1 0 1 0 0 1 0 0 1 0 1 1 0 1 0 0 
<<<<<<<<<<<<<<<<<<<<<<<<<<<<<<<<<<<<<<<<<<<<<<<
Generation 35
1 1 1 0 0 0 1 0 1 1 1 0 1 0 1 0 1 1 1 0 0 1 
1 1 1 1 1 0 1 0 1 0 0 1 0 0 0 0 1 1 0 1 0 0 
1 1 0 1 0 0 1 0 1 0 0 1 0 0 1 0 0 0 0 1 1 0 
1 1 1 1 0 1 0 0 0 0 1 0 1 0 1 0 1 1 1 0 0 1 
1 1 1 1 0 0 1 0 1 0 0 1 0 0 1 0 1 1 0 1 0 0 
1 0 1 1 0 0 1 0 1 0 0 1 1 0 1 1 1 1 0 1 0 1 
1 1 1 1 0 1 0 0 0 0 0 1 1 0 1 1 1 1 0 1 0 1 
1 1 1 1 0 0 1 1 1 0 0 1 1 0 1 1 1 1 0 1 0 1 
0 1 1 1 0 0 1 0 1 0 0 1 0 0 1 0 1 1 0 1 0 0 
1 1 1 1 0 0 1 0 1 0 0 1 0 1 1 0 1 1 0 1 0 0 
<<<<<<<<<<<<<<<<<<<<<<<<<<<<<<<<<<<<<<<<<<<<<<<
Generation 36
1 0 1 1 0 1 0 0 0 0 0 1 1 0 1 1 1 1 0 1 0 0 
1 1 1 1 0 1 0 0 0 0 0 1 0 0 1 1 0 1 0 1 0 1 
1 1 1 1 0 1 0 0 0 0 0 1 1 0 0 1 1 1 0 1 0 1 
1 1 1 1 0 1 0 0 0 0 0 1 1 1 1 1 1 0 0 0 1 1 
1 1 0 1 0 1 0 0 0 0 0 1 1 0 1 1 1 1 0 1 0 1 
1 1 1 1 0 1 0 0 0 0 0 1 1 0 1 1 1 1 0 1 0 1 
1 1 1 1 0 1 0 0 0 1 1 0 1 0 1 0 1 1 1 0 0 1 
1 1 1 1 0 0 1 1 1 0 0 1 1 0 1 1 1 1 0 1 0 1 
0 1 1 1 0 1 0 0 0 0 1 0 1 0 1 0 1 1 1 0 0 1 
1 1 1 0 1 1 0 0 0 0 1 0 1 0 1 0 1 1 1 0 0 1 
<<<<<<<<<<<<<<<<<<<<<<<<<<<<<<<<<<<<<<<<<<<<<<<
Generation 37
1 1 0 1 0 0 1 1 0 0 0 1 1 1 1 1 1 1 0 1 0 1 
1 1 1 1 0 1 0 0 1 0 0 1 1 0 1 1 0 1 0 1 0 1 
1 1 1 1 1 1 0 0 0 0 0 1 1 1 1 1 1 0 0 0 1 1 
1 1 1 1 0 1 0 0 0 0 0 1 1 1 1 1 1 0 0 0 1 1 
1 1 1 1 0 0 1 1 1 0 0 1 1 0 0 1 1 1 0 1 0 1 
1 1 1 1 0 1 0 0 0 1 1 0 1 0 1 0 1 1 1 0 0 1 
0 1 1 1 0 1 0 0 0 1 1 0 1 0 1 0 1 1 1 0 0 1 
1 0 1 0 0 0 1 1 1 0 0 1 0 0 1 1 1 1 0 1 0 1 
1 1 1 1 0 0 1 1 1 0 0 1 1 0 1 1 1 0 0 0 1 1 
1 1 1 1 0 1 0 0 0 0 0 1 1 1 1 1 1 0 0 0 1 0 
<<<<<<<<<<<<<<<<<<<<<<<<<<<<<<<<<<<<<<<<<<<<<<<
Generation 38
1 1 1 1 0 0 1 1 1 0 0 1 1 0 0 1 1 0 0 0 1 1 
1 1 1 1 0 1 0 0 0 1 1 0 1 0 1 1 1 0 0 0 1 1 
0 1 0 1 0 0 1 1 1 0 0 1 0 0 1 1 1 0 0 0 1 1 
1 1 1 1 0 0 1 1 0 0 0 1 1 0 1 1 0 0 0 0 1 1 
1 1 1 0 1 0 1 1 1 0 0 1 1 0 1 1 1 0 0 0 1 1 
1 1 1 1 0 0 1 1 1 0 0 1 1 1 1 1 1 1 0 1 0 1 
1 1 1 1 0 0 1 1 1 0 0 1 1 0 1 1 1 0 0 0 0 1 
1 1 1 1 0 0 1 1 1 0 0 1 1 0 1 1 1 0 0 0 1 1 
1 0 1 1 0 0 1 1 1 0 0 1 1 0 1 0 1 1 1 0 1 0 
1 1 1 1 0 0 1 1 1 0 0 1 1 0 1 1 1 0 0 0 1 1 
<<<<<<<<<<<<<<<<<<<<<<<<<<<<<<<<<<<<<<<<<<<<<<<
Generation 39
1 1 1 1 0 0 1 1 0 0 0 1 1 0 1 1 0 0 0 0 1 1 
1 1 1 0 0 1 0 0 0 0 1 0 0 0 1 1 1 0 0 0 1 1 
1 1 1 1 0 0 1 1 0 0 0 1 1 0 0 1 0 0 0 0 1 1 
1 0 0 1 0 0 1 1 1 0 0 1 1 0 1 1 1 1 0 1 0 1 
1 1 1 1 0 0 1 1 0 0 0 1 1 0 1 1 0 0 0 0 1 1 
1 1 1 1 0 0 1 1 0 0 1 0 1 0 1 1 1 0 0 0 1 1 
1 1 1 1 1 1 0 0 0 1 0 1 1 0 1 1 0 0 0 0 1 1 
1 1 1 1 0 0 1 1 1 0 0 1 1 1 1 0 1 1 1 0 1 0 
1 1 1 1 0 0 1 1 1 1 1 0 1 0 1 1 1 0 0 0 1 1 
0 1 1 1 0 1 0 0 0 1 0 1 1 1 1 1 1 1 0 1 0 1 
<<<<<<<<<<<<<<<<<<<<<<<<<<<<<<<<<<<<<<<<<<<<<<<
Generation 40
1 1 1 1 0 1 0 0 0 0 1 0 0 0 1 1 1 0 0 0 1 1 
1 1 1 0 0 1 0 0 0 1 1 0 0 0 1 1 1 0 0 1 1 1 
1 1 0 1 1 0 1 1 0 0 0 1 1 0 1 0 0 0 0 0 1 1 
1 1 1 0 0 1 0 0 1 0 1 0 0 0 1 1 1 0 0 0 1 1 
1 1 1 1 0 0 1 1 0 0 1 0 0 1 1 1 1 0 1 0 1 1 
0 1 1 0 0 1 0 0 0 0 1 0 0 0 1 1 0 1 0 0 1 1 
1 1 1 1 0 0 1 1 0 0 0 1 1 0 0 1 0 0 0 0 1 1 
1 1 1 0 0 1 0 0 0 0 1 0 0 0 1 1 1 0 0 0 1 1 
1 0 1 0 0 1 0 0 0 0 0 1 1 0 1 1 0 0 0 0 0 0 
1 1 1 0 0 0 1 1 0 0 0 1 1 0 1 1 1 0 0 0 1 1 
<<<<<<<<<<<<<<<<<<<<<<<<<<<<<<<<<<<<<<<<<<<<<<<
Generation 41
1 0 1 0 0 1 0 0 0 0 1 0 0 0 1 1 1 0 0 0 1 1 
1 1 1 0 0 1 0 0 0 1 1 0 0 1 1 1 1 0 1 1 1 1 
1 0 1 0 0 1 0 0 0 0 0 1 1 0 0 1 1 0 0 0 0 0 
0 1 1 1 0 1 0 0 1 0 1 0 0 0 1 0 1 1 0 0 1 1 
1 1 1 0 0 1 0 0 0 1 1 0 0 0 1 1 1 0 0 1 1 1 
1 1 0 0 0 1 0 0 0 0 1 0 0 0 1 1 1 0 0 0 1 1 
1 1 1 0 0 0 1 1 0 0 0 1 1 0 1 1 0 0 0 0 0 0 
1 1 1 0 0 1 0 0 0 0 1 0 0 0 1 1 1 0 0 0 1 1 
1 1 1 0 0 1 0 0 0 0 0 1 1 0 1 1 0 0 0 0 1 1 
1 1 1 0 1 1 0 0 0 0 1 0 0 0 1 1 1 0 0 0 1 1 
<<<<<<<<<<<<<<<<<<<<<<<<<<<<<<<<<<<<<<<<<<<<<<<
Generation 42
1 0 0 0 0 1 0 0 0 0 1 0 0 0 1 1 1 0 0 0 1 1 
0 1 1 0 0 0 1 1 0 0 0 1 1 0 1 1 0 0 0 0 0 0 
1 1 1 0 0 0 1 1 0 0 0 1 1 0 1 1 0 0 0 0 0 0 
1 1 1 0 0 1 0 0 0 1 0 1 1 0 0 1 0 0 0 0 0 1 
1 1 1 0 0 0 1 1 0 0 0 1 1 1 1 1 1 0 0 1 1 1 
1 1 1 0 0 0 1 1 0 0 0 1 1 0 1 1 0 1 0 0 0 0 
1 1 1 0 1 1 0 0 1 1 1 0 0 0 1 1 1 0 0 1 1 0 
1 1 1 0 0 1 0 0 0 1 1 0 0 0 1 1 0 0 0 0 0 0 
1 1 1 0 0 0 1 1 0 0 1 0 0 0 1 1 1 0 0 1 1 1 
1 1 1 1 0 0 1 1 0 0 0 1 1 0 1 0 0 0 1 0 0 0 
<<<<<<<<<<<<<<<<<<<<<<<<<<<<<<<<<<<<<<<<<<<<<<<
Generation 43
1 1 0 0 0 0 1 1 0 0 0 1 1 1 1 1 0 1 0 0 0 0 
1 1 1 0 0 0 1 1 0 0 1 0 0 0 1 1 1 0 0 1 1 1 
1 1 1 0 0 0 1 1 0 0 0 1 1 0 1 0 0 1 0 0 0 0 
1 1 1 0 0 0 1 1 0 0 1 0 0 0 1 1 0 1 1 0 0 0 
1 1 1 0 0 0 1 1 1 0 0 1 1 0 0 1 1 0 0 1 1 1 
1 0 1 0 0 0 1 1 0 0 0 1 1 0 1 1 1 0 0 1 1 1 
1 1 1 0 0 0 1 1 0 0 1 0 0 0 1 1 1 0 0 1 1 1 
0 1 1 0 1 1 0 0 0 0 0 1 1 0 1 1 0 1 0 0 0 0 
1 1 1 0 0 0 1 1 0 0 1 0 0 0 1 1 0 0 0 0 0 0 
1 1 1 1 0 0 1 1 0 1 1 0 0 0 1 1 0 1 0 0 0 0 
<<<<<<<<<<<<<<<<<<<<<<<<<<<<<<<<<<<<<<<<<<<<<<<
Generation 44
1 1 1 0 1 0 1 1 0 0 0 1 1 0 1 0 0 1 0 0 0 0 
1 1 1 0 0 0 1 0 0 0 0 1 1 1 1 0 0 1 0 0 0 0 
1 1 1 0 0 0 1 1 0 1 0 1 1 0 1 0 0 1 0 0 1 0 
0 0 1 0 0 0 1 1 0 0 0 1 1 0 1 0 0 1 0 0 0 0 
1 1 1 0 0 0 1 1 0 0 0 1 1 0 1 0 1 1 0 1 0 0 
1 1 1 0 0 1 1 1 0 0 0 1 1 0 1 0 0 1 0 0 0 0 
1 1 0 0 0 0 1 1 0 0 0 1 1 0 1 0 0 1 0 0 0 0 
1 1 1 1 0 0 1 1 0 0 1 0 0 0 1 0 0 1 1 0 0 0 
1 1 1 0 0 0 0 1 1 0 0 1 1 0 1 1 0 0 0 0 0 0 
1 1 1 0 0 0 1 1 0 0 0 1 1 0 0 0 0 1 0 0 0 1 
<<<<<<<<<<<<<<<<<<<<<<<<<<<<<<<<<<<<<<<<<<<<<<<
Generation 45
1 0 1 0 0 0 0 1 1 0 1 0 0 0 1 0 0 1 1 0 0 0 
0 1 1 0 0 1 1 1 0 1 0 1 1 0 1 1 0 0 0 0 0 0 
1 1 0 0 0 0 1 1 0 0 0 1 1 0 1 0 0 1 0 0 0 0 
1 1 1 0 0 0 1 1 0 1 0 1 1 0 1 0 0 1 0 0 1 0 
1 1 1 0 0 0 0 1 1 0 0 1 1 0 1 1 0 0 0 1 0 1 
1 1 0 0 0 0 1 1 1 0 0 1 1 0 1 1 0 1 0 0 1 0 
1 1 0 0 0 0 1 0 0 0 0 1 1 0 1 0 0 1 0 0 0 0 
1 1 1 1 0 0 1 1 0 0 0 1 1 0 1 0 0 1 0 0 0 0 
1 1 1 0 1 0 0 1 0 0 0 1 1 0 1 0 1 0 0 0 0 0 
1 1 1 0 0 0 0 1 1 0 0 1 1 1 0 1 0 0 0 0 0 0 
<<<<<<<<<<<<<<<<<<<<<<<<<<<<<<<<<<<<<<<<<<<<<<<
Generation 46
1 1 1 0 0 0 1 1 0 1 1 1 0 0 1 0 0 1 0 0 1 0 
1 1 1 1 0 1 1 1 0 1 0 1 1 0 1 0 0 1 0 0 1 0 
1 1 1 0 0 0 1 1 0 1 0 1 1 0 1 0 0 1 0 0 1 0 
1 1 1 0 0 0 1 1 0 1 0 1 1 0 1 0 0 1 0 0 1 1 
1 1 1 0 1 0 0 1 1 0 0 1 1 0 0 1 0 0 0 0 0 0 
1 1 0 0 0 0 1 1 1 0 0 1 1 1 0 1 0 0 0 0 0 0 
1 1 1 0 0 0 0 0 1 0 0 1 1 1 1 0 0 1 0 1 1 0 
0 0 1 0 0 0 0 1 1 0 0 1 1 1 0 1 1 0 0 0 0 0 
1 1 1 0 0 0 0 1 1 0 0 0 1 1 0 1 0 0 0 0 0 0 
1 1 1 0 0 0 1 1 0 1 0 1 1 0 1 1 0 1 1 0 1 0 
<<<<<<<<<<<<<<<<<<<<<<<<<<<<<<<<<<<<<<<<<<<<<<<
Generation 47
1 1 1 1 0 1 1 1 0 1 0 0 1 0 1 0 0 1 0 0 1 0 
1 1 1 1 0 1 1 1 0 1 0 1 1 0 1 0 0 1 0 0 1 0 
1 1 1 1 0 1 1 1 0 1 0 1 0 0 1 0 0 1 0 0 1 0 
1 1 1 0 1 0 0 1 1 0 1 1 1 0 0 1 0 1 1 0 1 0 
1 1 0 1 0 1 1 1 0 1 0 1 1 0 1 1 0 0 0 0 0 0 
1 1 1 1 0 1 1 0 0 1 0 1 1 0 1 0 0 1 0 0 1 0 
1 1 1 1 0 1 1 1 0 1 0 1 1 0 1 0 0 1 0 0 1 0 
1 0 1 1 0 1 1 1 0 1 0 1 1 1 1 0 0 1 0 0 1 0 
0 1 1 1 0 1 1 1 0 1 0 1 1 0 1 0 0 1 0 0 1 1 
1 1 1 0 0 0 1 1 0 1 0 1 1 0 1 0 1 1 0 1 1 0 
<<<<<<<<<<<<<<<<<<<<<<<<<<<<<<<<<<<<<<<<<<<<<<<
Generation 48
0 1 1 1 0 1 1 1 0 1 1 1 1 0 1 0 1 1 0 1 1 0 
1 1 1 0 0 0 1 1 0 1 0 1 1 0 1 0 0 1 0 0 1 0 
1 1 1 1 0 1 0 1 0 1 0 0 1 0 1 0 0 1 0 0 1 0 
1 1 1 0 0 0 1 1 0 1 0 1 0 0 1 0 1 1 0 1 1 0 
0 1 0 1 1 1 1 1 0 1 0 1 1 0 1 1 1 1 0 0 1 1 
1 1 1 1 0 1 1 1 0 1 0 1 1 0 1 0 0 1 0 0 1 0 
1 1 1 1 0 1 1 1 1 1 0 1 1 0 1 0 0 1 0 0 0 0 
1 0 1 0 0 0 1 1 0 1 0 1 1 0 1 0 0 1 1 0 1 0 
1 1 1 1 0 1 1 1 0 1 0 1 1 0 1 0 0 1 0 1 1 0 
1 1 1 1 0 1 1 0 0 0 0 1 1 1 0 0 0 0 0 0 1 1 
<<<<<<<<<<<<<<<<<<<<<<<<<<<<<<<<<<<<<<<<<<<<<<<
Generation 49
0 1 1 1 0 1 1 0 0 0 0 1 0 0 1 1 1 1 0 1 1 0 
1 1 1 0 0 0 1 1 0 1 0 1 1 0 1 0 0 1 0 0 1 0 
1 1 1 0 0 0 1 1 0 1 0 1 0 0 1 0 1 1 0 1 1 1 
1 1 1 1 0 1 1 1 0 1 0 1 1 0 1 0 0 1 0 0 1 0 
1 1 1 0 0 0 1 1 0 1 0 1 0 0 1 0 1 1 0 1 1 0 
1 0 1 0 0 0 1 1 0 1 0 1 1 1 0 0 1 1 1 1 1 0 
1 1 1 1 1 1 1 1 1 1 0 1 0 0 1 0 1 1 0 1 1 0 
1 1 1 0 0 0 0 0 0 0 0 0 1 0 1 0 0 1 0 0 1 0 
1 1 1 1 0 1 1 1 0 1 1 1 0 0 1 0 0 0 0 0 1 1 
1 1 0 1 0 1 1 1 0 1 0 1 1 1 0 0 0 0 0 0 0 1 
<<<<<<<<<<<<<<<<<<<<<<<<<<<<<<<<<<<<<<<<<<<<<<<
Generation 50
0 1 1 0 1 0 1 1 0 1 1 0 0 0 1 0 1 0 0 1 1 1 
1 1 1 1 0 0 1 1 0 0 0 1 1 0 1 0 0 1 0 0 1 0 
1 1 1 0 0 0 0 0 1 1 0 1 1 0 0 0 0 1 0 0 1 0 
1 1 1 0 0 0 1 1 0 1 0 1 0 0 1 0 1 1 0 1 1 0 
1 1 1 0 0 0 1 1 0 1 0 1 0 0 1 0 1 1 0 1 1 0 
1 1 1 0 0 0 1 1 0 1 0 1 1 0 1 1 0 1 0 0 1 0 
1 1 1 0 0 0 1 1 0 1 0 1 1 0 1 0 0 1 0 0 1 0 
1 0 0 0 0 0 1 1 0 1 0 1 1 0 1 0 0 1 0 0 1 0 
1 1 1 0 0 1 1 1 0 1 0 1 1 1 1 0 0 1 1 0 0 0 
1 1 1 0 0 0 1 1 0 1 0 1 0 0 1 0 1 1 0 1 1 1 
<<<<<<<<<<<<<<<<<<<<<<<<<<<<<<<<<<<<<<<<<<<<<<<
Generation 51
1 1 1 0 0 0 1 1 1 1 0 1 1 0 1 0 0 1 0 0 1 0 
1 1 0 0 0 0 1 1 0 0 0 1 1 0 1 0 0 1 0 0 1 0 
1 1 1 0 0 0 1 1 0 1 0 1 1 0 1 1 0 0 0 0 1 0 
0 1 1 0 1 0 1 1 0 1 0 1 1 0 1 0 0 1 0 0 1 0 
1 1 1 0 0 1 1 1 0 1 0 1 1 1 1 0 0 1 1 0 0 1 
1 1 1 1 0 0 1 1 0 1 0 1 1 0 0 0 0 1 0 0 1 0 
1 0 1 0 0 0 1 1 0 1 0 0 0 0 1 0 1 1 0 1 1 0 
1 1 1 0 0 1 1 1 0 1 0 1 1 1 1 0 0 1 1 0 0 0 
1 1 1 0 0 0 1 1 0 1 1 1 1 0 1 0 0 1 0 0 1 0 
1 1 1 0 0 0 0 0 0 1 0 1 1 0 1 0 0 1 0 0 1 0 
<<<<<<<<<<<<<<<<<<<<<<<<<<<<<<<<<<<<<<<<<<<<<<<
Generation 52
1 1 1 0 1 0 1 1 1 1 0 1 1 0 1 0 0 1 0 0 1 0 
1 1 1 0 0 0 1 1 0 0 0 1 1 0 1 0 0 1 0 0 1 0 
1 1 1 0 0 0 1 0 0 1 0 1 1 0 1 0 0 1 0 1 1 0 
0 0 1 1 0 0 1 1 0 1 0 1 0 0 0 0 1 1 0 0 1 0 
1 1 1 1 0 0 1 1 0 1 0 1 1 0 0 0 0 1 0 0 1 0 
1 1 1 1 0 0 1 1 0 1 0 1 1 0 0 0 0 1 0 0 1 0 
1 1 1 0 0 0 1 1 1 1 0 1 1 0 1 0 0 1 1 0 0 0 
1 1 0 0 0 1 1 1 1 1 0 0 1 1 1 0 0 1 0 0 1 1 
1 1 1 0 0 0 0 0 0 1 1 1 1 0 1 0 0 1 0 0 1 0 
1 1 1 0 0 0 0 1 1 1 0 1 1 0 1 1 0 0 0 0 1 0 
<<<<<<<<<<<<<<<<<<<<<<<<<<<<<<<<<<<<<<<<<<<<<<<
Generation 53
1 0 1 0 0 0 1 0 0 1 0 1 1 1 1 0 0 1 0 1 1 0 
1 1 1 0 0 1 1 0 0 1 0 1 1 0 0 0 0 1 0 0 1 1 
1 1 1 0 1 0 0 0 0 1 0 1 1 0 1 0 0 1 1 0 0 0 
1 1 1 0 0 0 1 1 1 1 0 1 1 0 1 0 0 1 0 1 1 0 
1 1 0 1 0 0 1 1 0 1 0 1 0 0 0 0 1 1 0 0 1 0 
1 1 1 1 0 0 1 1 0 1 0 1 1 0 1 0 0 1 0 0 1 0 
1 1 1 1 0 0 1 1 0 0 0 1 1 0 0 0 0 1 0 1 1 0 
0 1 1 0 0 0 1 0 0 1 1 0 1 0 1 0 0 1 0 0 1 0 
1 1 1 1 0 0 1 1 0 1 0 1 1 0 0 1 0 0 0 0 1 0 
1 1 1 0 0 0 1 0 0 1 0 1 1 0 1 0 0 1 0 1 1 0 
<<<<<<<<<<<<<<<<<<<<<<<<<<<<<<<<<<<<<<<<<<<<<<<
Generation 54
1 1 1 0 1 0 1 0 0 1 0 1 1 0 1 0 0 1 0 1 1 1 
0 1 1 0 0 0 1 1 0 1 0 1 1 0 0 1 0 0 0 0 1 0 
1 0 1 1 0 0 1 1 0 1 0 1 1 0 1 0 0 1 0 0 1 0 
1 1 1 0 0 0 0 0 0 1 0 1 1 1 1 0 1 1 0 1 1 0 
1 1 1 1 0 1 1 1 0 1 0 1 1 0 1 0 0 1 1 0 1 0 
1 1 0 1 0 0 1 1 0 0 0 1 1 0 0 1 0 0 0 0 0 0 
1 1 1 1 0 0 1 0 0 1 1 0 0 0 1 0 0 1 0 0 1 0 
0 1 1 0 0 0 1 0 1 1 1 0 1 0 1 0 0 1 0 0 1 0 
1 1 1 1 0 0 1 1 0 1 0 1 1 0 1 0 0 1 0 0 1 0 
1 1 1 1 0 0 1 1 0 1 0 1 1 0 1 0 0 1 0 0 1 0 
<<<<<<<<<<<<<<<<<<<<<<<<<<<<<<<<<<<<<<<<<<<<<<<
Generation 55
1 1 1 1 0 0 1 0 0 1 0 1 1 0 1 1 0 1 0 0 0 1 
1 0 1 1 0 0 1 1 0 1 0 1 1 0 1 0 0 1 0 0 1 0 
1 1 0 1 0 1 1 1 0 1 0 1 1 0 0 0 0 1 1 0 1 0 
0 1 1 1 0 1 1 1 0 0 0 1 1 0 1 0 0 1 1 0 1 0 
1 1 1 1 0 0 1 1 0 1 0 1 1 0 1 0 0 1 0 0 1 0 
1 0 1 1 0 0 1 1 0 1 1 0 0 1 1 0 0 0 0 1 1 0 
1 0 1 0 1 0 0 1 0 1 0 1 1 0 1 0 0 1 0 0 1 0 
1 1 1 1 0 0 1 1 0 1 0 1 1 0 1 0 1 1 0 0 1 0 
1 0 1 1 0 0 1 1 1 1 1 0 0 0 1 0 0 1 0 0 1 0 
1 0 1 1 0 0 1 0 0 1 0 1 1 0 1 0 0 1 0 0 1 0 
<<<<<<<<<<<<<<<<<<<<<<<<<<<<<<<<<<<<<<<<<<<<<<<
Generation 56
1 1 1 1 0 0 1 0 0 1 0 1 1 0 1 1 0 1 1 1 1 0 
1 0 1 1 0 1 0 1 0 0 0 1 1 0 0 1 0 1 0 0 0 1 
0 1 0 1 0 1 1 1 1 0 0 1 1 0 1 0 0 1 0 0 0 1 
1 1 1 0 0 0 1 1 0 0 0 1 1 0 1 0 0 1 1 0 1 0 
0 1 1 1 0 1 1 1 0 1 0 1 1 0 1 1 0 1 0 0 0 1 
1 1 1 1 1 0 1 0 0 1 0 1 1 0 1 0 0 1 0 0 1 0 
1 1 1 1 0 0 1 0 0 1 0 1 1 0 1 1 0 1 0 0 0 1 
1 1 1 1 0 0 1 0 0 1 0 1 1 1 1 1 0 1 0 0 0 0 
1 1 1 1 0 0 1 0 0 1 0 1 1 0 1 0 0 1 1 0 1 0 
0 1 1 1 0 0 1 1 1 1 1 0 0 0 1 0 1 0 0 0 1 1 
<<<<<<<<<<<<<<<<<<<<<<<<<<<<<<<<<<<<<<<<<<<<<<<
Generation 57
1 0 1 0 0 0 1 1 0 0 0 1 1 0 0 0 0 1 1 0 1 0 
1 1 1 1 0 0 1 0 0 1 0 1 1 1 1 0 0 1 1 1 1 0 
0 1 0 1 0 1 1 1 1 0 0 1 1 0 1 1 1 1 0 0 1 0 
1 1 1 1 0 0 1 0 0 1 0 1 1 0 1 0 0 1 1 0 1 0 
1 1 1 1 0 0 1 0 0 1 0 1 1 0 1 0 0 1 1 0 0 0 
0 1 0 1 0 1 1 1 1 0 0 1 1 0 1 0 0 0 1 0 1 0 
1 1 1 0 1 0 1 0 0 1 0 1 0 1 1 1 0 1 0 0 0 0 
1 1 1 1 0 0 0 1 0 0 1 1 1 0 1 0 0 1 0 0 0 1 
1 1 1 1 0 0 1 0 0 1 0 1 1 1 1 1 0 1 0 0 0 0 
1 1 1 0 0 0 1 1 0 0 0 0 1 0 1 0 0 1 0 0 0 1 
<<<<<<<<<<<<<<<<<<<<<<<<<<<<<<<<<<<<<<<<<<<<<<<
Generation 58
1 1 0 1 0 0 0 1 0 0 1 1 1 0 1 0 0 1 0 0 1 0 
1 1 1 1 0 0 1 0 0 1 0 1 1 1 1 0 0 1 0 0 0 0 
0 1 1 1 1 0 1 0 0 1 0 1 1 1 0 0 0 1 1 1 1 0 
1 0 1 1 0 0 0 1 1 0 1 1 0 0 1 0 0 1 0 0 1 1 
1 1 1 1 0 0 1 0 0 1 0 1 1 1 1 0 0 1 1 1 0 1 
1 1 1 1 0 1 0 1 0 0 1 1 1 0 1 0 0 1 0 0 0 1 
1 1 1 1 0 0 0 1 0 1 0 1 1 1 1 1 0 1 0 0 0 0 
1 1 1 0 0 0 1 0 0 0 1 1 1 0 1 0 0 1 0 0 0 1 
1 1 1 1 0 0 1 0 0 1 0 0 1 1 1 0 1 1 1 1 1 0 
1 1 1 1 0 0 0 1 0 0 1 1 1 0 1 0 0 0 1 1 0 1 
<<<<<<<<<<<<<<<<<<<<<<<<<<<<<<<<<<<<<<<<<<<<<<<
Generation 59
1 1 1 1 0 0 1 0 0 1 0 1 1 1 1 0 0 1 0 0 0 0 
1 1 1 1 0 1 0 1 0 0 1 1 1 0 1 0 0 1 0 0 0 1 
1 1 1 0 0 1 0 1 1 0 1 1 1 0 1 0 0 0 0 0 0 1 
1 1 1 1 0 0 0 1 0 1 0 1 1 1 1 0 0 1 0 0 0 0 
1 0 1 1 0 0 1 0 0 1 0 1 0 1 1 1 0 1 0 0 0 0 
1 1 1 1 0 0 1 0 0 1 0 0 1 1 1 0 1 1 1 1 1 0 
1 1 0 1 0 0 1 0 0 1 0 0 1 1 1 0 1 1 1 1 1 0 
1 1 1 1 0 0 1 0 0 1 0 1 1 1 1 0 0 1 0 0 0 0 
1 1 1 1 0 0 1 0 0 1 0 0 1 1 0 0 1 1 1 1 1 0 
0 1 1 1 1 1 0 1 0 0 1 1 1 0 1 0 0 1 0 0 0 1 
<<<<<<<<<<<<<<<<<<<<<<<<<<<<<<<<<<<<<<<<<<<<<<<
Generation 60
0 1 1 1 1 1 0 1 0 0 1 1 1 0 1 0 0 1 0 0 0 1 
1 0 1 0 0 1 0 1 0 0 1 1 1 0 1 0 0 1 0 0 0 1 
0 1 1 1 1 1 0 1 0 0 1 1 1 0 1 0 0 1 0 0 0 1 
0 1 1 1 1 1 0 1 0 0 0 1 1 1 1 0 0 1 0 0 0 0 
0 1 0 1 1 1 0 1 0 0 1 1 1 0 1 0 0 1 0 0 0 1 
0 1 1 1 1 1 0 1 1 0 1 1 1 0 1 0 0 1 0 0 0 1 
0 1 1 1 1 1 0 1 0 0 1 1 1 0 1 1 0 1 0 0 0 1 
1 1 1 1 0 0 1 0 0 0 1 1 0 0 1 0 1 1 1 1 1 0 
1 1 1 1 0 0 1 0 0 1 0 0 1 1 0 0 0 1 0 0 0 1 
0 1 1 1 1 1 0 1 0 1 1 1 1 0 1 0 0 0 0 0 0 1 
<<<<<<<<<<<<<<<<<<<<<<<<<<<<<<<<<<<<<<<<<<<<<<<
Generation 61
0 1 0 0 1 1 0 1 1 0 1 1 1 0 1 0 0 1 0 0 0 1 
0 1 1 1 1 1 0 1 1 0 1 1 0 0 1 1 0 1 0 0 0 1 
0 1 1 1 1 1 0 1 0 0 0 1 1 1 1 0 0 0 0 0 0 1 
0 1 1 1 1 1 0 1 0 0 0 1 1 0 1 0 0 1 0 0 0 0 
1 1 1 1 0 0 0 1 0 0 0 1 1 1 1 0 0 1 0 0 1 0 
0 1 1 1 1 1 0 1 0 0 0 1 1 1 1 0 0 1 1 1 0 1 
0 0 1 1 1 1 0 1 1 0 1 1 1 1 1 0 1 1 0 0 0 1 
0 1 1 1 1 1 0 0 0 1 0 0 1 1 0 0 0 1 0 0 0 0 
1 1 1 1 0 0 1 1 0 0 1 1 1 0 1 0 0 1 0 0 0 1 
0 1 1 1 1 1 1 0 0 1 0 0 1 1 0 0 0 1 0 0 0 0 
<<<<<<<<<<<<<<<<<<<<<<<<<<<<<<<<<<<<<<<<<<<<<<<
Generation 62
0 1 1 1 1 1 0 0 0 1 0 0 1 1 0 0 0 1 0 0 0 0 
0 1 1 1 1 1 0 0 0 1 0 0 1 1 0 0 0 1 0 0 0 0 
0 1 1 1 0 0 1 1 0 0 0 1 0 0 1 1 0 1 0 0 1 0 
0 1 1 1 1 1 0 0 0 1 0 0 1 1 0 0 0 1 0 0 0 0 
0 0 1 0 1 1 0 1 1 0 1 1 1 1 1 0 1 0 1 0 0 1 
1 0 0 1 1 1 0 1 1 0 1 1 1 1 1 0 1 1 0 0 0 1 
0 1 1 1 1 1 0 1 0 0 1 1 1 0 1 0 0 1 0 1 0 1 
0 1 1 1 1 1 0 1 0 1 0 0 1 1 0 0 0 1 0 0 0 0 
1 1 1 1 0 0 1 1 0 0 1 1 1 0 1 0 0 1 0 0 0 1 
0 1 1 1 1 1 1 0 0 0 0 1 1 0 1 0 0 1 0 0 0 0 
<<<<<<<<<<<<<<<<<<<<<<<<<<<<<<<<<<<<<<<<<<<<<<<
Generation 63
0 0 1 0 1 1 0 1 1 0 1 1 1 1 1 0 1 0 1 0 1 1 
0 1 1 1 1 1 0 0 0 1 0 0 1 1 0 0 0 1 0 0 0 0 
0 1 1 1 1 1 1 0 0 0 0 1 1 0 1 0 0 1 0 0 0 0 
0 1 1 1 1 1 0 0 0 1 0 1 1 0 1 0 0 1 0 0 0 0 
0 1 1 1 1 1 0 1 0 1 0 0 1 1 0 0 0 1 0 0 0 0 
0 1 0 1 1 0 0 1 0 0 1 1 0 1 0 1 0 1 0 1 0 1 
0 1 1 1 1 1 1 0 0 0 1 1 1 0 1 0 0 1 0 0 0 0 
1 1 1 1 1 1 0 1 0 0 0 1 1 0 1 0 0 1 0 1 0 1 
0 1 1 1 1 1 0 1 0 0 1 1 1 0 1 0 0 1 0 0 0 0 
0 1 1 1 0 1 1 0 0 0 0 0 1 0 1 0 0 1 0 1 0 1 
<<<<<<<<<<<<<<<<<<<<<<<<<<<<<<<<<<<<<<<<<<<<<<<
Generation 64
0 1 1 1 1 1 0 1 0 1 0 0 1 1 1 0 1 1 0 0 0 0 
0 1 1 1 1 1 0 1 0 1 0 0 1 1 0 0 0 1 0 0 0 0 
1 1 0 1 1 0 0 0 0 0 1 1 1 1 0 0 0 1 0 0 0 0 
0 1 1 0 1 1 0 1 0 1 0 0 1 1 0 0 0 1 0 0 0 0 
0 1 1 1 1 1 0 1 1 0 1 1 0 1 0 1 0 1 0 1 0 1 
0 0 1 1 1 1 0 1 0 1 0 0 0 0 0 1 0 1 0 1 1 1 
0 1 1 1 1 1 1 1 0 1 0 0 1 1 0 0 0 1 0 0 0 0 
0 1 1 1 1 0 0 1 0 0 1 1 0 1 0 1 0 1 0 1 0 1 
0 1 0 1 0 1 0 1 0 1 0 0 1 1 0 0 0 0 0 0 0 0 
0 1 0 1 1 0 0 1 0 1 0 0 1 1 0 0 0 1 1 0 0 0 
<<<<<<<<<<<<<<<<<<<<<<<<<<<<<<<<<<<<<<<<<<<<<<<
Generation 65
0 1 1 0 1 0 0 1 0 0 1 1 0 1 0 1 0 1 0 1 0 1 
0 1 0 1 0 1 0 1 0 1 0 0 1 1 0 0 0 0 0 0 0 0 
0 1 1 1 1 0 0 1 0 1 0 0 1 1 0 0 0 1 1 0 0 0 
0 1 1 1 1 1 0 0 0 1 0 0 0 0 0 1 0 1 0 1 1 1 
0 1 0 1 0 0 0 1 0 0 1 1 0 1 0 1 0 1 0 1 0 1 
1 1 1 1 1 0 0 1 0 1 0 0 1 1 0 0 0 0 0 0 0 0 
0 0 0 1 1 0 0 1 0 0 1 1 0 1 0 1 0 1 0 1 0 1 
0 1 0 1 0 1 1 1 1 0 1 1 0 1 0 1 0 1 0 1 0 1 
0 1 1 1 1 0 0 1 0 1 0 0 1 1 0 0 1 1 1 0 0 0 
0 1 1 1 1 0 0 1 0 0 1 1 0 1 1 1 0 1 0 1 0 1 
<<<<<<<<<<<<<<<<<<<<<<<<<<<<<<<<<<<<<<<<<<<<<<<
Generation 66
0 1 1 1 1 1 0 1 0 0 1 1 0 1 1 1 0 1 0 1 0 1 
0 1 0 1 0 0 0 1 0 0 1 1 0 1 0 1 0 1 0 1 0 1 
0 1 0 1 0 0 0 1 0 0 1 1 0 1 0 1 0 1 1 1 0 1 
0 0 0 1 1 0 0 1 0 0 1 1 0 1 0 1 0 1 0 1 0 1 
0 0 0 1 1 0 0 1 1 0 1 1 0 1 0 1 1 1 0 1 0 1 
1 1 1 1 1 0 0 1 0 0 1 1 0 1 0 1 0 1 0 1 0 0 
0 1 1 1 1 0 0 0 0 1 0 0 0 0 0 1 0 1 0 1 1 1 
0 0 0 1 1 0 0 1 0 0 1 1 0 1 0 1 0 1 0 1 0 1 
0 0 0 0 1 0 0 1 0 1 0 0 1 1 0 1 0 1 0 1 0 1 
0 1 0 1 0 1 1 1 0 0 1 1 0 1 0 0 0 0 0 0 0 0 
<<<<<<<<<<<<<<<<<<<<<<<<<<<<<<<<<<<<<<<<<<<<<<<
Generation 67
0 0 0 1 1 0 0 1 1 0 1 1 0 1 0 1 0 1 0 1 0 1 
0 1 0 1 0 0 0 1 0 0 1 1 0 1 0 0 0 1 0 1 0 0 
0 0 0 1 1 1 0 1 0 0 1 1 0 1 1 1 0 1 0 1 0 1 
0 1 1 1 1 1 0 1 0 0 1 1 0 1 1 1 0 1 0 1 0 1 
0 0 0 0 1 0 0 1 0 1 0 0 1 1 0 1 0 1 0 1 0 1 
0 1 1 1 1 0 1 1 0 0 1 1 0 1 0 1 0 1 0 1 0 1 
1 0 0 0 1 0 0 1 0 1 0 0 1 1 0 1 0 1 1 1 0 1 
0 1 1 0 1 0 0 1 0 1 0 0 1 1 0 1 0 1 0 0 0 1 
0 0 0 0 1 0 0 1 0 1 0 0 1 1 0 1 1 1 0 1 0 1 
0 1 0 1 0 0 0 0 0 1 0 0 0 0 0 1 0 0 0 1 1 1 
<<<<<<<<<<<<<<<<<<<<<<<<<<<<<<<<<<<<<<<<<<<<<<<
Generation 68
1 0 0 1 1 1 0 1 0 1 0 0 1 1 0 1 0 1 0 1 1 1 
0 0 0 0 1 0 0 1 0 0 1 1 0 1 1 1 1 1 0 0 0 1 
0 0 0 1 1 1 0 1 0 0 1 1 0 1 1 1 0 1 0 1 0 1 
0 1 1 1 1 0 1 1 0 1 0 0 1 1 0 1 1 1 0 1 0 1 
0 0 0 0 1 0 0 1 0 1 0 0 1 1 0 1 1 1 0 1 0 1 
0 0 0 0 0 0 0 1 1 0 1 1 0 1 0 1 0 0 0 1 0 1 
0 0 0 0 1 0 0 0 0 1 0 0 1 1 0 1 1 1 1 1 0 0 
0 0 0 0 1 0 0 1 0 1 0 0 1 0 0 1 1 1 0 1 0 1 
0 0 0 0 1 0 0 1 0 1 0 0 1 1 0 1 1 1 0 1 0 1 
0 0 0 0 1 0 0 1 0 1 0 0 1 1 0 0 1 1 0 1 0 1 
<<<<<<<<<<<<<<<<<<<<<<<<<<<<<<<<<<<<<<<<<<<<<<<
Generation 69
1 0 1 1 1 1 0 1 1 1 0 0 1 1 0 1 0 1 0 1 1 1 
0 0 0 0 1 0 0 0 0 1 0 0 0 1 0 1 1 1 0 0 0 1 
0 0 0 0 1 0 0 1 0 0 0 1 1 1 0 1 1 1 1 1 0 0 
0 0 0 0 1 0 0 1 0 1 0 0 1 0 0 1 1 1 0 1 0 1 
0 0 0 0 1 0 1 1 0 1 0 0 1 1 0 1 1 1 0 1 0 1 
0 0 0 0 1 0 0 1 0 1 1 0 1 0 1 1 1 1 1 1 0 1 
0 1 0 0 1 0 0 0 0 1 0 0 1 0 0 0 1 0 0 1 0 0 
0 0 0 0 0 0 0 1 0 1 0 0 1 1 0 1 1 1 1 1 0 1 
1 0 0 1 1 0 0 1 0 1 0 0 1 0 0 1 1 1 0 1 0 1 
0 0 0 0 1 1 0 1 0 1 0 0 1 1 0 1 0 1 0 1 1 1 
<<<<<<<<<<<<<<<<<<<<<<<<<<<<<<<<<<<<<<<<<<<<<<<
Generation 70
1 0 0 0 1 0 0 1 0 1 0 0 1 0 0 1 1 1 0 1 0 1 
0 1 0 0 1 0 0 1 0 1 0 0 1 1 1 1 1 1 1 1 0 1 
0 0 0 0 1 1 0 1 0 1 0 0 1 1 0 1 0 1 0 1 1 1 
0 0 1 1 1 1 0 1 1 1 0 0 1 1 0 0 0 1 0 1 1 1 
0 0 0 0 1 1 1 1 0 1 0 1 1 1 0 1 1 1 1 1 0 0 
0 0 0 0 1 0 0 1 0 1 0 0 1 0 0 1 1 1 0 1 0 1 
1 0 0 1 1 0 0 1 0 1 0 0 1 0 0 1 1 1 0 1 0 1 
0 0 0 0 1 1 0 0 0 0 0 0 0 1 0 1 0 0 0 1 1 1 
0 0 0 0 0 0 0 1 0 1 0 0 1 1 0 1 0 1 0 0 1 1 
0 0 0 0 0 0 0 1 0 1 1 0 1 0 0 1 1 1 1 1 0 1 
<<<<<<<<<<<<<<<<<<<<<<<<<<<<<<<<<<<<<<<<<<<<<<<
Generation 71
0 0 0 0 1 0 0 1 0 1 0 0 1 0 0 1 1 1 0 1 0 1 
0 0 0 0 0 0 0 0 0 0 0 0 1 0 0 1 1 1 1 1 0 1 
0 0 0 0 1 0 0 1 0 1 0 0 1 0 0 1 1 1 1 1 0 1 
1 0 0 0 1 0 0 1 1 1 0 0 1 0 0 1 1 1 0 1 0 1 
0 0 0 0 1 0 1 1 0 1 1 0 1 0 1 1 1 1 0 1 0 0 
0 0 0 0 0 1 0 1 0 1 0 0 0 0 0 0 1 1 0 1 0 1 
0 1 0 0 1 0 0 1 0 1 0 1 1 0 0 1 1 1 0 1 0 1 
0 0 0 0 0 0 0 1 0 1 0 0 1 1 0 1 0 1 0 0 1 1 
0 0 0 0 1 0 0 1 0 1 1 0 1 0 0 1 1 0 0 1 0 1 
0 0 1 1 1 0 0 1 0 1 0 0 1 0 0 1 1 1 0 1 0 1 
<<<<<<<<<<<<<<<<<<<<<<<<<<<<<<<<<<<<<<<<<<<<<<<
Generation 72
0 0 0 0 1 0 0 1 0 1 0 0 1 0 0 1 1 0 0 1 0 0 
0 1 0 0 1 0 1 1 0 1 0 1 1 0 1 1 1 1 0 1 0 1 
0 0 0 0 0 0 0 1 0 1 0 0 1 0 0 1 1 1 0 1 0 1 
0 0 0 1 1 0 0 1 0 1 0 0 1 0 0 1 1 1 0 1 0 1 
0 0 0 0 0 0 0 1 0 0 0 1 1 0 0 1 1 0 0 1 0 1 
0 1 0 0 1 1 0 1 0 1 0 0 1 1 0 1 0 1 0 0 1 1 
0 0 0 0 1 0 0 1 1 1 1 0 1 0 0 1 1 1 1 1 0 1 
0 1 0 0 1 0 0 0 0 1 0 1 0 1 0 1 0 1 0 0 1 1 
1 0 1 0 1 0 0 1 0 1 1 0 1 0 0 1 1 1 0 1 0 1 
0 0 0 0 1 0 0 1 0 1 1 0 1 0 0 0 1 0 0 1 0 1 
<<<<<<<<<<<<<<<<<<<<<<<<<<<<<<<<<<<<<<<<<<<<<<<
Generation 73
0 0 0 0 1 0 0 0 0 1 0 1 0 1 0 1 0 1 0 0 1 1 
0 1 0 0 0 0 0 0 0 1 1 0 1 0 0 1 1 1 0 1 0 1 
0 1 0 0 1 0 0 0 0 1 0 1 0 0 0 1 1 1 1 1 0 1 
1 0 1 0 1 0 0 1 0 1 0 1 0 1 1 1 1 1 1 1 0 1 
0 0 0 0 1 0 0 1 1 0 1 0 1 0 0 1 1 0 0 1 0 0 
0 0 0 0 1 0 0 1 0 1 1 0 1 0 0 0 1 0 0 1 0 1 
0 0 0 0 1 1 0 1 1 1 1 0 1 0 0 1 1 0 0 1 0 0 
0 1 0 0 1 0 1 1 0 1 0 0 1 0 0 1 1 1 1 1 0 1 
0 0 0 0 1 0 0 1 1 1 1 0 1 1 0 1 0 1 0 0 1 1 
0 0 0 1 1 0 0 1 0 1 0 0 1 0 0 1 0 1 0 0 1 1 
<<<<<<<<<<<<<<<<<<<<<<<<<<<<<<<<<<<<<<<<<<<<<<<
Generation 74
0 0 0 1 1 0 0 1 0 1 0 0 1 1 0 1 0 1 0 0 1 1 
1 0 1 0 1 0 0 1 0 1 0 1 0 0 0 0 1 0 0 1 0 1 
1 0 1 0 1 0 0 1 0 1 0 0 1 0 0 1 1 1 1 1 0 1 
1 0 1 0 1 0 1 1 0 1 0 0 1 0 0 1 1 1 1 1 0 1 
0 1 0 0 1 0 0 0 0 1 0 1 0 1 1 1 1 1 1 1 0 1 
0 0 0 0 0 0 0 1 0 1 1 0 1 1 1 1 1 1 1 1 0 1 
0 0 0 0 1 0 0 1 0 1 0 1 0 0 0 1 1 1 1 1 0 0 
0 1 0 0 1 0 0 1 0 0 1 0 1 0 0 0 1 0 0 1 0 1 
0 0 0 0 1 1 1 1 1 1 1 0 1 0 0 1 0 1 0 0 1 1 
0 1 0 0 1 0 1 1 0 1 0 1 0 1 1 1 1 1 1 1 0 1 
<<<<<<<<<<<<<<<<<<<<<<<<<<<<<<<<<<<<<<<<<<<<<<<
Generation 75
0 0 0 0 1 0 0 1 0 1 0 1 0 0 0 1 1 1 1 1 0 0 
1 0 1 1 1 0 0 1 0 1 0 1 0 0 0 0 1 0 1 1 0 0 
0 0 0 0 1 1 1 1 1 1 1 0 1 0 0 1 0 1 0 0 1 1 
0 1 0 0 1 0 0 1 1 1 1 0 1 0 0 1 0 1 0 0 1 1 
0 0 0 0 0 0 0 1 0 1 0 0 1 0 0 1 1 1 1 1 0 0 
0 0 0 0 1 0 0 1 0 1 0 1 0 0 0 1 1 1 1 1 0 1 
0 0 0 0 1 0 0 1 0 1 0 1 0 0 0 1 1 1 1 1 0 0 
0 0 0 0 1 1 1 1 0 1 0 1 0 0 0 1 1 1 1 1 0 0 
0 0 0 0 1 0 0 1 0 1 0 1 0 1 1 1 1 1 1 1 0 1 
0 0 0 0 1 0 0 0 0 0 1 0 1 1 1 1 1 1 1 1 0 1 
<<<<<<<<<<<<<<<<<<<<<<<<<<<<<<<<<<<<<<<<<<<<<<<
Generation 76
0 0 1 0 1 0 0 1 0 1 0 1 0 0 1 1 1 1 1 1 0 0 
0 0 0 0 1 0 0 1 0 1 0 1 0 0 0 1 1 1 1 1 0 0 
0 0 0 0 0 0 0 1 0 0 0 1 0 0 0 1 1 1 1 1 0 0 
0 1 0 0 1 0 0 1 0 1 0 1 0 0 0 1 1 0 1 1 0 0 
0 0 0 0 1 0 0 1 0 1 0 1 0 1 0 1 1 1 1 1 0 0 
1 0 0 0 1 1 1 1 0 1 0 1 0 0 0 1 1 1 1 1 0 0 
0 0 0 1 1 0 0 1 0 1 1 0 1 0 0 1 0 1 0 0 1 1 
0 0 0 0 1 1 1 1 1 1 0 1 0 0 0 1 1 1 1 1 0 0 
0 0 0 0 1 0 0 1 0 1 0 1 0 0 0 0 1 1 1 1 0 0 
0 0 0 0 1 0 0 0 0 1 0 1 0 0 0 1 1 1 1 1 0 0 
<<<<<<<<<<<<<<<<<<<<<<<<<<<<<<<<<<<<<<<<<<<<<<<
Generation 77
0 0 1 0 0 0 0 1 0 0 0 0 0 0 0 1 1 1 1 1 0 0 
0 0 0 0 1 0 0 1 0 0 0 1 0 0 0 1 0 1 1 1 0 0 
1 0 0 0 1 1 1 1 0 1 1 1 0 0 0 1 1 1 1 1 0 0 
1 0 0 1 1 1 1 1 0 1 0 1 0 0 0 1 1 1 0 1 0 0 
1 1 0 0 1 0 0 0 0 1 0 1 0 0 0 1 1 1 1 1 0 0 
0 0 0 0 1 1 1 1 0 1 0 1 1 1 0 1 1 1 1 1 0 0 
0 0 0 0 1 0 0 0 0 1 0 1 0 0 1 0 1 0 1 1 0 1 
0 0 0 0 0 0 0 0 0 1 0 1 0 0 0 1 1 1 1 1 0 0 
0 0 0 0 1 0 0 0 0 1 0 1 0 0 0 1 1 1 1 1 0 0 
0 0 0 0 1 0 0 0 1 1 0 1 0 0 0 1 1 1 1 0 1 0 
<<<<<<<<<<<<<<<<<<<<<<<<<<<<<<<<<<<<<<<<<<<<<<<
Generation 78
0 0 0 1 0 0 0 0 0 1 0 1 0 1 0 1 1 1 0 1 0 0 
1 0 0 0 1 0 0 1 0 0 0 0 0 0 0 1 0 1 1 1 0 1 
0 0 0 0 0 0 0 0 0 1 0 1 0 0 0 1 1 0 1 1 0 0 
0 0 0 0 0 0 0 0 1 0 0 1 1 0 0 1 0 1 1 1 0 0 
0 0 0 0 1 1 1 1 0 1 1 1 0 0 1 1 1 1 1 1 0 0 
0 0 0 0 1 0 0 1 0 0 0 1 0 0 0 1 0 1 1 1 0 0 
1 1 0 0 1 0 0 1 0 1 0 1 0 0 0 1 1 1 1 0 1 0 
0 0 0 0 1 0 0 0 0 1 0 1 0 0 0 0 1 1 1 1 0 0 
0 0 0 0 1 1 1 1 0 1 1 1 0 0 0 1 1 1 1 1 0 0 
1 0 1 0 1 1 1 1 0 1 1 1 0 0 0 1 1 1 1 1 0 0 
<<<<<<<<<<<<<<<<<<<<<<<<<<<<<<<<<<<<<<<<<<<<<<<
Generation 79
1 1 0 0 1 1 1 1 0 1 1 1 0 1 0 1 1 1 1 1 1 0 
1 0 0 0 1 0 0 1 0 0 0 1 0 0 0 0 1 1 1 0 0 0 
1 0 0 0 1 0 0 1 0 1 1 1 0 0 1 1 0 1 1 1 0 1 
0 0 0 1 0 0 0 0 1 0 0 1 1 0 0 1 0 1 1 1 0 0 
0 0 0 0 0 0 0 0 1 0 0 1 1 0 0 1 0 1 1 1 0 0 
0 0 0 0 0 0 0 0 1 0 0 1 1 0 0 1 0 0 0 1 0 0 
0 0 0 0 1 0 0 0 0 1 0 1 0 0 0 0 1 1 1 1 0 1 
1 0 1 0 1 1 1 1 0 0 0 0 0 0 0 1 0 1 1 1 0 1 
1 0 1 0 1 0 0 1 0 0 0 0 0 0 0 1 0 1 1 1 0 0 
0 0 0 0 1 0 0 0 0 1 0 0 0 0 0 1 1 1 1 1 0 0 
<<<<<<<<<<<<<<<<<<<<<<<<<<<<<<<<<<<<<<<<<<<<<<<
Generation 80
1 1 0 0 1 1 1 1 0 1 1 1 0 1 0 0 1 1 1 0 1 0 
0 0 0 1 0 0 0 0 1 0 0 1 1 0 0 1 0 0 1 1 0 0 
1 1 0 0 1 1 1 1 0 1 1 1 0 1 0 1 1 1 1 1 1 0 
1 1 0 0 1 1 1 1 0 1 1 0 0 1 0 1 1 1 1 1 1 0 
1 1 0 0 1 1 1 1 0 1 1 1 0 1 0 1 1 1 1 1 1 1 
1 1 0 0 1 1 1 1 0 1 1 1 0 1 1 1 1 1 1 1 1 0 
1 1 0 0 1 1 1 1 0 1 1 1 0 1 0 1 1 1 1 1 1 0 
1 1 0 0 1 1 1 1 0 1 1 1 0 1 0 1 1 1 1 1 1 0 
1 1 0 0 1 1 1 1 0 1 1 1 0 1 0 1 1 1 1 1 1 0 
1 1 1 0 1 1 1 1 0 1 1 1 0 1 0 1 1 1 0 1 1 0 
<<<<<<<<<<<<<<<<<<<<<<<<<<<<<<<<<<<<<<<<<<<<<<<
Generation 81
1 1 1 0 1 1 1 1 0 1 1 1 0 1 0 1 1 1 0 0 1 0 
1 1 0 0 1 0 0 1 0 1 1 1 0 1 0 1 1 1 1 1 1 0 
1 1 0 0 1 1 1 1 0 1 0 1 0 1 0 1 1 1 1 1 1 1 
1 1 0 1 1 1 1 1 0 0 1 1 0 1 0 1 0 1 1 1 1 0 
1 1 0 0 0 1 1 1 1 1 1 1 1 1 0 1 1 0 1 1 1 0 
0 1 0 0 1 1 1 1 0 1 1 1 0 1 1 0 1 1 1 1 1 0 
1 1 0 0 1 1 1 1 0 1 1 1 0 1 0 1 1 1 1 1 1 0 
1 1 0 0 1 1 1 1 0 1 1 0 0 1 0 1 1 1 1 1 1 0 
1 0 0 0 1 1 1 1 0 1 1 1 0 1 0 1 1 1 1 1 1 1 
1 1 0 0 1 1 1 0 0 1 1 1 0 0 0 1 1 1 1 1 0 0 
<<<<<<<<<<<<<<<<<<<<<<<<<<<<<<<<<<<<<<<<<<<<<<<
Generation 82
0 1 0 0 1 0 1 1 0 1 1 0 0 1 0 1 1 1 1 1 1 0 
1 0 0 0 1 1 1 1 0 1 1 0 0 1 0 1 1 1 1 1 1 0 
1 1 0 0 1 1 1 1 0 1 1 1 0 1 1 0 1 1 1 1 1 0 
1 1 0 1 1 1 1 1 0 1 1 0 0 1 0 1 1 1 1 0 1 1 
1 1 0 0 1 1 1 1 1 1 0 0 0 1 0 1 1 0 1 1 1 0 
0 1 0 0 1 1 1 1 0 1 1 1 0 1 1 0 0 1 1 1 0 0 
1 1 0 0 1 1 1 1 0 1 1 0 0 1 0 1 1 1 1 1 1 0 
1 1 1 0 0 1 0 0 0 1 1 0 0 1 0 1 1 1 0 1 1 0 
1 1 0 0 1 1 1 1 0 0 1 0 0 1 0 1 1 1 1 1 1 0 
1 1 0 0 1 1 1 1 0 1 1 0 1 0 0 1 1 1 1 1 1 0 
<<<<<<<<<<<<<<<<<<<<<<<<<<<<<<<<<<<<<<<<<<<<<<<
Generation 83
1 1 0 1 1 1 1 1 0 1 1 0 1 1 0 1 1 1 0 1 1 0 
1 1 1 0 0 1 0 0 0 1 1 0 0 1 0 1 1 1 0 1 1 0 
1 1 0 0 1 1 1 1 0 1 1 0 0 1 1 1 1 1 1 1 1 0 
1 0 0 0 1 1 1 1 0 1 0 0 0 1 0 1 1 1 1 1 1 0 
1 1 1 0 0 1 0 0 0 1 1 0 0 1 0 0 1 1 1 1 1 0 
1 1 0 0 1 0 1 1 0 1 1 0 0 0 0 1 1 1 1 1 1 0 
0 1 0 0 1 1 1 1 0 0 1 0 0 1 0 1 0 1 0 1 1 0 
1 1 1 0 0 1 0 0 0 1 1 0 0 1 0 1 1 0 1 0 1 1 
1 1 0 0 1 1 1 1 1 1 1 1 0 1 0 1 1 1 1 1 0 0 
1 1 0 0 1 1 1 1 0 1 1 0 0 1 0 1 1 1 1 1 1 0 
<<<<<<<<<<<<<<<<<<<<<<<<<<<<<<<<<<<<<<<<<<<<<<<
Generation 84
1 1 1 0 0 1 0 0 0 1 1 0 0 1 0 1 1 1 1 1 1 0 
1 1 1 1 0 1 0 0 0 1 1 1 0 1 0 1 1 1 1 1 0 0 
0 1 0 0 1 1 1 1 1 1 1 1 0 1 0 1 1 1 1 1 0 0 
1 0 0 0 1 1 1 1 0 1 0 0 1 1 0 1 1 1 1 1 1 0 
1 1 0 0 1 1 1 1 1 1 1 1 0 1 0 1 1 1 1 1 0 0 
1 1 0 0 1 0 1 1 0 1 0 0 0 1 0 1 1 1 1 1 1 0 
1 1 0 0 1 1 1 1 0 0 1 0 0 1 0 1 0 1 0 1 1 0 
1 1 0 0 1 1 1 1 1 1 1 0 0 1 0 1 1 0 1 0 1 1 
1 1 0 0 1 1 1 1 1 1 1 1 0 1 0 1 1 1 1 1 0 0 
1 0 0 0 1 1 1 1 0 1 1 0 0 0 1 0 1 1 1 1 1 0 
<<<<<<<<<<<<<<<<<<<<<<<<<<<<<<<<<<<<<<<<<<<<<<<
Generation 85
1 1 1 0 1 1 1 1 1 1 1 1 0 1 0 1 1 0 1 1 0 0 
0 1 0 0 1 1 1 1 0 0 1 0 0 1 0 1 0 1 0 1 1 0 
1 1 0 1 1 1 1 1 1 1 1 1 0 1 1 1 1 1 1 1 0 0 
1 1 0 0 1 1 1 1 1 1 1 1 0 1 0 1 1 1 1 1 0 0 
1 1 0 0 1 1 1 1 0 0 1 0 0 0 0 1 0 1 0 1 1 0 
1 1 0 0 1 0 0 1 0 0 1 0 0 1 0 1 0 1 0 0 1 0 
1 1 0 0 1 1 1 1 0 0 1 0 0 1 0 1 0 1 0 1 1 0 
1 1 0 0 1 1 1 1 1 1 1 1 0 1 0 1 0 1 0 1 1 0 
1 0 0 0 0 1 1 0 0 0 0 0 0 1 0 0 0 1 0 1 1 0 
1 1 0 0 1 1 1 1 0 0 1 0 1 1 0 1 1 1 1 1 0 1 
<<<<<<<<<<<<<<<<<<<<<<<<<<<<<<<<<<<<<<<<<<<<<<<
Generation 86
1 1 0 0 1 1 1 1 0 0 1 0 0 1 0 1 0 1 0 1 1 0 
1 1 0 0 1 1 1 1 0 0 1 0 1 1 0 1 0 1 0 1 1 0 
1 1 0 0 1 0 1 1 0 0 1 0 1 1 0 1 1 1 1 1 0 1 
0 1 0 0 1 1 1 1 0 1 1 0 0 1 0 0 0 1 0 1 1 0 
1 1 0 0 1 1 1 1 0 0 1 0 0 1 0 0 0 1 0 0 1 0 
1 0 0 0 0 1 0 0 0 0 0 0 1 0 0 1 1 1 1 1 0 1 
1 0 0 0 0 1 1 0 0 0 0 0 0 1 0 1 0 0 0 1 1 0 
1 0 0 1 0 1 1 0 0 0 1 0 0 1 0 1 0 1 0 1 1 0 
1 1 1 0 1 1 1 1 1 0 0 1 0 1 0 0 0 1 0 1 1 0 
1 0 0 0 0 1 1 0 0 0 0 0 0 1 1 0 1 1 1 1 0 1 
<<<<<<<<<<<<<<<<<<<<<<<<<<<<<<<<<<<<<<<<<<<<<<<
Generation 87
1 1 0 0 1 1 1 0 0 0 0 0 0 1 0 1 0 0 0 1 1 0 
1 0 0 1 0 1 1 0 0 0 0 0 0 1 1 0 1 1 1 1 0 1 
1 0 0 0 0 1 0 0 0 0 0 1 0 1 0 0 0 1 0 1 1 0 
1 0 0 0 0 1 1 0 0 0 1 0 0 1 0 1 0 1 0 1 1 0 
1 0 0 0 0 0 1 1 0 0 1 0 1 1 0 1 1 1 1 1 0 1 
0 0 0 1 0 1 1 0 0 1 1 0 0 1 0 1 0 1 0 0 1 0 
1 0 0 0 0 1 1 0 0 0 0 0 0 1 1 1 0 0 0 1 1 0 
1 1 0 1 0 1 1 0 0 0 1 0 0 1 1 0 1 1 1 1 0 1 
1 1 1 0 1 1 1 1 1 0 0 0 0 1 0 1 0 0 0 1 1 0 
1 0 0 0 0 1 1 0 0 0 0 0 0 0 0 1 0 1 0 1 1 0 
<<<<<<<<<<<<<<<<<<<<<<<<<<<<<<<<<<<<<<<<<<<<<<<
Generation 88
1 0 0 0 0 1 1 0 0 1 0 1 1 1 0 1 1 0 0 1 1 0 
1 0 0 0 0 1 0 0 0 0 1 0 0 1 0 1 0 0 0 0 1 0 
1 0 0 0 0 0 1 1 0 0 1 0 0 1 1 1 0 1 1 1 0 1 
1 1 1 0 1 1 1 1 1 0 0 0 0 1 1 1 0 0 0 1 1 0 
1 0 0 0 0 1 1 0 0 0 0 0 0 1 1 1 0 0 0 1 1 0 
1 1 0 1 0 1 1 0 0 0 1 0 0 0 0 1 0 1 0 1 1 0 
0 0 0 0 0 1 1 0 0 0 1 0 0 1 1 0 1 1 1 1 0 1 
1 0 0 0 0 1 1 0 0 0 0 0 0 1 0 1 0 1 0 1 1 0 
1 0 0 0 0 1 1 0 0 0 1 0 0 1 0 1 0 1 0 1 1 0 
1 0 0 0 0 1 1 0 0 0 0 0 0 1 1 1 0 0 0 1 1 0 
<<<<<<<<<<<<<<<<<<<<<<<<<<<<<<<<<<<<<<<<<<<<<<<
Generation 89
1 0 0 0 0 1 1 1 1 0 0 0 0 1 1 0 1 0 0 1 1 0 
1 0 0 0 0 1 0 0 0 0 0 1 0 1 1 1 0 0 0 1 1 0 
1 1 1 0 1 1 1 1 1 0 1 0 0 1 0 1 0 1 0 0 1 0 
1 1 1 0 1 1 1 1 1 0 0 0 0 1 1 1 0 0 0 1 1 1 
1 1 1 1 1 1 1 1 1 0 0 0 0 1 1 1 0 0 0 0 1 0 
1 1 1 0 1 1 1 1 1 0 0 0 0 1 1 1 0 0 0 1 1 0 
0 1 1 0 1 0 0 0 0 1 1 0 1 1 0 1 0 0 0 1 0 0 
1 0 0 0 0 1 0 0 0 0 1 0 0 1 0 1 0 0 0 0 1 0 
1 1 1 0 1 1 1 1 1 0 0 0 0 1 1 1 0 0 1 1 1 0 
1 1 1 0 1 1 1 1 1 0 0 0 0 0 1 1 0 0 0 1 1 0 
<<<<<<<<<<<<<<<<<<<<<<<<<<<<<<<<<<<<<<<<<<<<<<<
Generation 90
1 1 1 1 1 1 1 1 1 0 0 0 0 1 1 1 0 0 0 1 1 1 
1 1 1 0 1 1 1 1 1 0 0 0 0 0 0 0 0 0 0 0 1 0 
1 1 1 0 1 0 0 0 0 1 1 0 1 1 0 1 1 0 0 1 1 0 
0 1 1 0 1 1 1 1 1 0 0 0 0 1 1 1 0 1 0 0 1 0 
1 0 0 0 0 1 0 0 0 0 1 0 0 1 1 1 0 0 0 1 1 1 
1 1 1 1 1 1 1 1 1 0 0 0 0 1 1 1 0 0 1 1 1 0 
1 1 1 0 0 1 0 0 0 0 1 0 0 1 1 1 0 0 0 1 1 0 
1 1 1 0 1 1 1 1 1 0 0 1 0 0 1 1 0 0 0 0 1 0 
1 0 0 0 1 1 1 1 1 0 0 0 0 0 1 1 0 0 0 1 0 0 
1 1 1 0 1 1 1 1 1 0 0 0 0 1 0 1 0 0 0 0 1 0 
<<<<<<<<<<<<<<<<<<<<<<<<<<<<<<<<<<<<<<<<<<<<<<<
Generation 91
1 0 1 0 0 1 0 0 0 0 1 0 0 1 1 1 0 0 0 1 1 0 
0 1 1 0 0 1 0 0 0 0 1 0 0 1 1 1 0 0 0 1 1 0 
1 1 1 0 1 0 1 1 1 0 1 1 0 1 0 1 0 0 0 1 0 0 
1 1 1 0 0 1 0 0 0 0 1 0 1 0 1 1 0 0 0 1 1 0 
0 1 0 0 1 1 1 1 1 0 0 0 0 1 1 1 0 1 0 1 1 0 
1 1 1 0 0 1 0 0 0 0 1 0 0 1 1 1 0 0 0 0 1 0 
1 1 1 1 1 1 1 1 1 0 0 0 0 1 1 1 1 0 1 1 1 0 
1 1 1 0 0 1 0 0 0 0 1 0 0 1 1 0 0 0 0 1 1 0 
1 1 1 0 0 1 0 0 0 1 1 0 0 1 1 1 0 0 0 1 1 1 
1 1 1 0 0 1 0 0 0 0 0 0 0 1 1 1 0 1 0 0 1 0 
<<<<<<<<<<<<<<<<<<<<<<<<<<<<<<<<<<<<<<<<<<<<<<<
Generation 92
0 1 1 1 0 1 0 0 0 0 0 0 0 1 1 1 0 0 0 1 1 1 
1 1 1 0 0 1 0 0 0 0 0 0 0 1 1 1 0 1 0 0 1 0 
1 1 1 0 0 0 0 0 0 0 1 0 1 0 1 1 0 0 0 1 1 0 
1 1 1 0 0 1 0 0 0 0 1 0 0 1 1 1 1 0 0 1 0 1 
1 1 1 0 1 1 0 0 0 1 1 1 0 1 1 1 0 0 0 0 1 0 
1 1 1 0 0 1 0 0 0 1 1 0 1 0 0 1 0 0 0 1 1 0 
1 1 1 0 0 1 0 0 0 1 1 0 0 1 1 1 0 1 0 1 1 0 
1 1 1 0 0 1 0 0 0 1 1 0 0 1 1 1 0 0 0 1 1 1 
1 1 0 0 0 1 0 1 1 1 1 0 0 1 1 1 0 0 1 1 1 1 
1 0 1 0 0 1 1 0 0 0 1 0 1 0 1 0 0 0 0 1 1 1 
<<<<<<<<<<<<<<<<<<<<<<<<<<<<<<<<<<<<<<<<<<<<<<<
Generation 93
1 0 0 1 0 1 0 1 1 1 1 0 0 1 1 1 0 0 1 1 1 0 
1 1 1 0 0 1 0 0 0 1 1 1 0 0 0 1 0 0 0 1 1 0 
1 1 0 0 0 1 0 1 1 1 1 0 0 1 1 1 1 0 0 1 0 1 
1 1 1 0 0 1 0 0 0 0 1 0 0 1 1 1 0 0 1 1 1 1 
1 1 0 0 0 1 0 1 1 1 1 0 0 1 1 0 0 0 1 1 1 1 
1 1 1 0 0 1 0 0 0 1 1 0 1 0 0 1 0 0 0 0 1 0 
1 1 1 0 1 1 1 0 0 1 1 0 1 0 0 1 0 0 0 1 1 0 
1 1 1 0 0 0 0 0 0 1 1 0 0 1 1 1 0 1 0 1 1 0 
0 1 1 0 0 1 0 0 0 1 1 0 1 1 1 1 0 1 0 1 1 0 
1 1 1 0 0 1 0 0 0 1 0 0 0 1 1 1 0 1 0 1 1 1 
<<<<<<<<<<<<<<<<<<<<<<<<<<<<<<<<<<<<<<<<<<<<<<<
Generation 94
1 1 1 0 0 1 0 0 0 1 0 0 0 1 1 1 1 1 0 1 1 0 
1 1 1 0 0 0 0 0 0 1 1 1 0 1 1 1 0 0 0 0 1 0 
1 1 1 0 0 0 0 0 0 1 1 0 0 1 1 1 0 1 0 1 0 0 
1 1 1 1 0 1 0 1 1 0 1 0 0 1 1 1 0 1 0 1 1 1 
1 1 1 0 0 0 0 0 0 1 1 0 0 1 1 1 0 1 0 1 1 0 
1 1 0 0 1 1 0 0 0 0 1 0 0 1 1 1 0 0 1 1 1 1 
1 1 1 0 0 1 0 0 0 1 0 0 0 1 1 0 0 0 1 1 1 1 
1 0 1 0 0 1 1 0 0 1 0 0 0 1 1 1 0 1 0 1 1 1 
0 1 1 0 0 1 0 0 0 1 1 0 1 0 0 1 0 0 0 0 1 0 
1 1 1 0 0 1 0 0 0 1 1 0 1 0 0 1 0 1 0 1 1 1 
<<<<<<<<<<<<<<<<<<<<<<<<<<<<<<<<<<<<<<<<<<<<<<<
Generation 95
1 1 1 0 0 0 0 0 0 1 1 0 0 1 1 1 0 1 0 1 0 0 
1 1 1 0 0 0 0 0 0 1 1 0 1 0 0 1 0 1 0 1 1 0 
1 1 1 1 1 1 0 1 1 0 1 0 0 1 1 1 0 1 0 1 1 0 
0 1 1 0 0 1 0 0 0 1 1 0 0 1 1 1 0 1 0 1 1 1 
0 0 1 0 0 1 0 0 0 1 1 0 0 1 1 1 1 1 0 1 1 0 
1 1 1 0 0 0 0 0 0 1 1 0 0 1 1 1 0 1 0 1 1 0 
1 1 1 0 0 1 0 0 0 1 0 0 0 1 1 0 0 0 1 1 1 0 
1 1 1 1 0 1 1 1 1 0 1 0 1 0 0 1 0 0 0 0 1 0 
1 1 1 0 0 0 0 0 0 1 1 1 0 1 1 1 0 0 0 0 1 1 
1 1 0 0 0 0 0 0 0 1 1 0 0 1 1 1 0 1 0 1 1 1 
<<<<<<<<<<<<<<<<<<<<<<<<<<<<<<<<<<<<<<<<<<<<<<<
Generation 96
1 1 1 1 0 1 0 0 0 1 0 0 0 0 1 0 0 0 1 1 1 0 
0 0 1 0 0 1 0 0 0 1 1 1 0 1 0 1 0 0 0 0 1 1 
1 1 1 0 0 1 0 0 0 1 0 0 0 1 1 0 0 0 1 1 1 0 
0 1 1 0 0 1 0 0 0 1 1 0 1 1 1 1 0 0 1 1 1 0 
1 1 1 0 0 1 1 0 0 1 0 0 0 1 1 0 0 0 1 1 0 0 
1 1 1 0 0 1 0 0 1 1 0 0 0 1 1 0 1 1 0 1 1 0 
1 1 1 0 0 1 0 0 0 1 0 0 0 1 1 0 0 0 1 1 1 0 
1 1 1 0 0 1 0 1 0 1 0 0 0 1 1 0 0 0 1 1 1 0 
1 1 0 0 1 0 0 0 0 0 0 0 0 1 1 0 0 0 1 1 1 0 
1 1 1 0 0 1 0 0 0 1 1 0 0 1 1 1 0 1 0 1 1 1 
<<<<<<<<<<<<<<<<<<<<<<<<<<<<<<<<<<<<<<<<<<<<<<<
Generation 97
0 1 1 1 0 1 0 0 0 1 0 0 0 1 0 0 0 0 1 1 1 0 
1 1 1 0 0 1 0 0 0 1 1 0 0 1 1 1 0 1 0 1 1 1 
1 0 1 0 1 1 0 0 0 1 0 0 1 1 1 0 0 0 1 1 1 0 
1 1 1 0 0 0 1 1 0 1 0 0 0 1 1 0 0 0 1 1 1 0 
1 1 1 0 0 1 0 0 0 0 0 1 0 0 1 0 0 0 1 0 0 0 
1 1 1 0 0 1 0 0 0 1 1 0 0 1 1 1 0 1 0 1 1 1 
1 1 1 0 0 1 0 0 0 1 0 0 0 1 1 0 0 0 1 1 1 0 
1 1 1 0 0 1 0 0 0 1 0 0 0 1 1 0 0 0 1 1 1 0 
1 1 1 0 0 1 0 0 0 1 0 0 0 1 1 0 0 1 0 1 1 0 
1 1 0 0 0 1 0 0 1 1 0 0 0 1 1 0 1 0 1 1 1 0 
<<<<<<<<<<<<<<<<<<<<<<<<<<<<<<<<<<<<<<<<<<<<<<<
Generation 98
1 1 1 0 0 1 0 0 0 0 0 0 0 1 1 0 0 0 1 1 1 0 
1 1 1 0 0 0 1 1 1 1 0 0 0 1 1 0 0 0 1 0 0 0 
1 1 1 0 0 1 0 0 0 0 0 1 0 0 1 0 0 0 1 1 1 0 
1 1 1 0 0 1 0 0 0 0 0 1 0 0 1 1 0 1 0 1 1 1 
1 1 0 0 0 1 0 0 0 1 0 0 0 1 1 0 0 0 1 1 1 0 
0 1 1 1 1 1 0 0 0 0 0 1 0 0 0 0 0 0 1 0 0 0 
1 1 1 0 0 1 0 0 0 1 1 0 0 0 1 0 0 0 1 0 0 0 
1 1 1 0 0 1 0 0 0 1 0 1 0 0 1 0 0 0 1 0 0 0 
1 1 1 0 0 1 0 0 0 0 0 1 0 1 1 0 1 0 1 1 1 0 
1 0 1 0 0 0 1 1 0 1 0 0 1 1 1 0 0 0 1 0 0 0 
<<<<<<<<<<<<<<<<<<<<<<<<<<<<<<<<<<<<<<<<<<<<<<<
Generation 99
1 1 1 0 0 1 0 0 0 1 0 1 0 0 1 0 0 1 1 0 0 0 
1 1 1 0 0 1 0 0 0 1 1 0 0 0 1 0 0 0 1 0 0 0 
1 0 1 0 0 0 1 1 0 1 0 0 1 1 1 1 0 0 1 0 0 0 
1 1 0 0 1 1 0 0 1 0 0 1 0 1 1 0 1 0 1 0 0 0 
0 0 1 0 0 0 1 1 0 1 0 0 1 0 1 0 0 0 1 0 0 0 
1 1 1 0 0 1 0 0 0 1 1 0 0 0 1 0 1 0 0 1 1 0 
1 1 1 0 0 1 0 0 0 1 0 1 0 1 1 0 0 0 1 0 0 0 
1 1 1 0 0 1 0 0 0 0 0 1 0 0 0 0 0 0 1 1 1 1 
1 1 1 1 0 1 0 0 0 0 0 1 0 1 1 0 0 0 1 1 1 0 
1 1 1 0 0 1 0 0 0 1 1 0 0 0 1 0 0 0 1 0 0 0 
<<<<<<<<<<<<<<<<<<<<<<<<<<<<<<<<<<<<<<<<<<<<<<<
Generation 100
1 1 1 0 0 1 0 0 0 1 0 1 0 0 1 0 0 1 1 0 0 0 
1 0 1 1 1 1 0 0 0 0 0 1 0 1 0 0 0 0 1 1 1 0 
1 1 0 0 0 1 0 0 0 1 1 0 0 0 1 0 0 1 1 0 0 0 
1 1 1 1 0 1 1 0 0 0 0 1 1 1 1 0 0 1 1 0 0 0 
1 1 1 0 0 1 0 0 1 1 0 1 0 0 1 0 0 1 1 0 0 0 
1 1 1 0 0 1 0 1 0 0 0 1 0 1 1 0 0 0 1 1 1 1 
1 1 1 0 0 1 0 0 0 1 1 0 0 0 1 0 1 0 0 1 1 0 
0 1 1 1 0 0 0 0 0 1 0 1 0 0 1 0 0 0 1 1 1 0 
1 1 1 1 0 1 0 0 0 1 0 1 0 0 1 1 1 0 0 1 1 0 
1 1 1 0 0 1 0 0 0 0 0 1 0 1 1 0 0 0 1 1 1 0 
<<<<<<<<<<<<<<<<<<<<<<<<<<<<<<<<<<<<<<<<<<<<<<<
